0.0	1.8230015213806945
0.05	1.8252984711436304
0.1	1.8275954209065666
0.15000000000000002	1.8298923706695027
0.2	1.8321893204324389
0.25	1.834486270195375
0.30000000000000004	1.836783219958311
0.35000000000000003	1.839192611565465
0.4	1.8416037198419966
0.45	1.8440148281185278
0.5	1.8464259363950593
0.55	1.8488370446715907
0.6000000000000001	1.8512481529481222
0.65	1.8536592612246534
0.7000000000000001	1.8560703695011849
0.75	1.8584814777777163
0.8	1.8606740633843404
0.8500000000000001	1.862858112949171
0.9	1.8650421625140017
0.9500000000000001	1.8672262120788325
1.0	1.8694102616436632
1.05	1.8715943112084938
1.1	1.8737783607733247
1.1500000000000001	1.8759624103381554
1.2000000000000002	1.8781464599029862
1.25	1.8803305094678169
1.3	1.8825145590326475
1.35	1.8846986085974784
1.4000000000000001	1.8868969504032778
1.4500000000000002	1.8890963295491476
1.5	1.8912957086950173
1.55	1.8934950878408872
1.6	1.8956944669867568
1.6500000000000001	1.8978938461326267
1.7000000000000002	1.9000932252784963
1.75	1.9022926044243662
1.8	1.9044919835702359
1.85	1.9066913627161057
1.9000000000000001	1.9088907418619754
1.9500000000000002	1.9110901210078453
2.0	1.9129693319482854
2.0500000000000003	1.914813857999804
2.1	1.9166583840513225
2.15	1.918502910102841
2.2	1.9203474361543598
2.25	1.9221919622058783
2.3000000000000003	1.9240364882573968
2.35	1.9258810143089156
2.4000000000000004	1.927725540360434
2.45	1.9295700664119526
2.5	1.9314145924634711
2.5500000000000003	1.9332591185149899
2.6	1.9347885777342153
2.6500000000000004	1.9362718633659497
2.7	1.937755148997684
2.75	1.9392384346294185
2.8000000000000003	1.9407217202611529
2.85	1.9422050058928872
2.9000000000000004	1.9436882915246216
2.95	1.945171577156356
3.0	1.9466548627880904
3.0500000000000003	1.9481381484198248
3.1	1.9496214340515592
3.1500000000000004	1.9511047196832936
3.2	1.9525937427020834
3.25	1.9540838414809463
3.3000000000000003	1.9555739402598091
3.35	1.957064039038672
3.4000000000000004	1.9585541378175348
3.45	1.9600442365963977
3.5	1.9615343353752606
3.5500000000000003	1.9630244341541234
3.6	1.964514532932986
3.6500000000000004	1.966004631711849
3.7	1.9674947304907118
3.75	1.9689848292695746
3.8000000000000003	1.971695998032625
3.85	1.9746898218846074
3.9000000000000004	1.97768364573659
3.95	1.9806774695885727
4.0	1.9836712934405554
4.05	1.9866651172925378
4.1000000000000005	1.9884713436215171
4.15	1.989975068694637
4.2	1.9914787937677567
4.25	1.9929825188408765
4.3	1.9944862439139963
4.3500000000000005	1.9959899689871161
4.4	1.997493694060236
4.45	1.9989974191333557
4.5	2.0005011442064755
4.55	2.0020048692795953
4.6000000000000005	2.003508594352715
4.65	2.005012319425835
4.7	2.006521269619309
4.75	2.008031807839557
4.800000000000001	2.0095423460598054
4.8500000000000005	2.0110528842800535
4.9	2.012563422500302
4.95	2.01407396072055
5.0	2.0155844989407985
5.050000000000001	2.0170950371610465
5.1000000000000005	2.018605575381295
5.15	2.020116113601543
5.2	2.0216266518217916
5.25	2.0231371900420396
5.300000000000001	2.0246527484759618
5.3500000000000005	2.0261700998433385
5.4	2.0276874512107153
5.45	2.029204802578092
5.5	2.0307221539454687
5.550000000000001	2.0322395053128455
5.6000000000000005	2.0337568566802218
5.65	2.0352742080475985
5.7	2.0367915594149753
5.75	2.038308910782352
5.800000000000001	2.0398262621497287
5.8500000000000005	2.0413436135171055
5.9	2.04394300924684
5.95	2.0469913382758502
6.0	2.0500396673048606
6.050000000000001	2.053087996333871
6.1000000000000005	2.0561363253628815
6.15	2.059184654391892
6.2	2.061183386986326
6.25	2.0627143646479595
6.300000000000001	2.0642453423095937
6.3500000000000005	2.0657763199712273
6.4	2.067307297632861
6.45	2.0688382752944947
6.5	2.0703692529561284
6.550000000000001	2.071900230617762
6.6000000000000005	2.0734312082793958
6.65	2.0749621859410294
6.7	2.076493163602663
6.75	2.078024141264297
6.800000000000001	2.0791522945177188
6.8500000000000005	2.0800744580169415
6.9	2.080996621516164
6.95	2.081918785015387
7.0	2.0828409485146095
7.050000000000001	2.0837631120138322
7.1000000000000005	2.0846852755130545
7.15	2.085607439012277
7.2	2.0865296025115
7.25	2.0874517660107226
7.300000000000001	2.0883739295099453
7.3500000000000005	2.089296093009168
7.4	2.0902182565083907
7.45	2.091140420007613
7.5	2.0920625835068356
7.550000000000001	2.0936930786121675
7.6000000000000005	2.0957502795043124
7.65	2.097807480396457
7.7	2.0998646812886017
7.75	2.101921882180746
7.800000000000001	2.103979083072891
7.8500000000000005	2.1060362839650355
7.9	2.1080934848571804
7.95	2.110150685749325
8.0	2.1121363112624563
8.05	2.1140745180869915
8.1	2.1160127249115264
8.15	2.1179509317360616
8.200000000000001	2.1198891385605965
8.25	2.1218273453851317
8.3	2.1237655522096666
8.35	2.125703759034202
8.4	2.1276419658587367
8.450000000000001	2.129580172683272
8.5	2.1315183795078068
8.55	2.133456586332342
8.6	2.134731968389533
8.65	2.1355102318712156
8.700000000000001	2.136288495352898
8.75	2.137066758834581
8.8	2.137845022316264
8.85	2.1386232857979466
8.9	2.1394015492796292
8.950000000000001	2.140179812761312
9.0	2.1409580762429945
9.05	2.1417363397246776
9.1	2.1425146032063602
9.15	2.143292866688043
9.200000000000001	2.144495211978944
9.25	2.146056848802656
9.3	2.147618485626368
9.35	2.1491801224500797
9.4	2.1507417592737914
9.450000000000001	2.1523033960975035
9.5	2.1538650329212152
9.55	2.155426669744927
9.600000000000001	2.156988306568639
9.65	2.1585499433923507
9.700000000000001	2.1601115802160624
9.75	2.161673217039774
9.8	2.163037532139332
9.850000000000001	2.164213230884919
9.9	2.165388929630506
9.950000000000001	2.1665646283760926
10.0	2.1677403271216797
10.05	2.1689160258672664
10.100000000000001	2.1700917246128535
10.15	2.1712674233584406
10.200000000000001	2.1724431221040272
10.25	2.1736188208496143
10.3	2.174794519595201
10.350000000000001	2.175970218340788
10.4	2.177589769611766
10.450000000000001	2.179687849386682
10.5	2.181785929161597
10.55	2.183884008936513
10.600000000000001	2.185982088711428
10.65	2.188080168486344
10.700000000000001	2.190178248261259
10.75	2.192276328036175
10.8	2.19437440781109
10.850000000000001	2.1957998310010702
10.9	2.196431298877683
10.950000000000001	2.1970627667542963
11.0	2.1976942346309096
11.05	2.198325702507523
11.100000000000001	2.198957170384136
11.15	2.1995886382607495
11.200000000000001	2.2002201061373623
11.25	2.2008515740139756
11.3	2.201483041890589
11.350000000000001	2.202114509767202
11.4	2.2027459776438154
11.450000000000001	2.2033774455204287
11.5	2.2040089133970415
11.55	2.204640381273655
11.600000000000001	2.2054058655159436
11.65	2.2063556222610368
11.700000000000001	2.2073053790061294
11.75	2.2082551357512226
11.8	2.2092048924963157
11.850000000000001	2.2101546492414084
11.9	2.2111044059865015
11.950000000000001	2.212054162731594
12.0	2.2130039194766873
12.05	2.2139536762217804
12.100000000000001	2.214903432966873
12.15	2.215853189711966
12.200000000000001	2.216802946457059
12.25	2.217752703202152
12.3	2.2187024599472447
12.350000000000001	2.219897297639885
12.4	2.2214861870521108
12.450000000000001	2.2230750764643363
12.5	2.2246639658765623
12.55	2.226252855288788
12.600000000000001	2.227841744701014
12.65	2.2294306341132395
12.700000000000001	2.231019523525465
12.75	2.232608412937691
12.8	2.2341973023499166
12.850000000000001	2.2357861917621427
12.9	2.2373750811743682
12.950000000000001	2.2389660772834032
13.0	2.2405609281993666
13.05	2.2421557791153295
13.100000000000001	2.2437506300312924
13.15	2.2453454809472557
13.200000000000001	2.2469403318632186
13.25	2.2485351827791815
13.3	2.250130033695145
13.350000000000001	2.2517248846111078
13.4	2.2530566299678365
13.450000000000001	2.2538561845342957
13.5	2.254655739100755
13.55	2.255455293667214
13.600000000000001	2.2562548482336733
13.65	2.2570544028001325
13.700000000000001	2.2578539573665917
13.75	2.258653511933051
13.8	2.25945306649951
13.850000000000001	2.2602526210659697
13.9	2.261052175632429
13.950000000000001	2.261851730198888
14.0	2.262700146673156
14.05	2.2636621670830803
14.100000000000001	2.2646241874930046
14.15	2.265586207902929
14.200000000000001	2.266548228312853
14.25	2.267510248722777
14.3	2.2684722691327015
14.350000000000001	2.269434289542626
14.4	2.2703963099525497
14.450000000000001	2.271358330362474
14.5	2.2723203507723984
14.55	2.2732823711823227
14.600000000000001	2.2742443915922466
14.65	2.275206412002171
14.700000000000001	2.276168432412095
14.75	2.277131259642074
14.8	2.278096345968206
14.850000000000001	2.279061432294338
14.9	2.2800265186204705
14.950000000000001	2.2809916049466024
15.0	2.2819566912727343
15.05	2.2829217775988666
15.100000000000001	2.2838868639249985
15.15	2.2848519502511304
15.200000000000001	2.2858170365772628
15.25	2.2867821229033947
15.3	2.2877472092295266
15.350000000000001	2.288712295555659
15.4	2.289677381881791
15.450000000000001	2.2906424682079227
15.5	2.2916326386280037
15.55	2.2927089311039754
15.600000000000001	2.293785223579947
15.65	2.2948615160559185
15.700000000000001	2.2959378085318902
15.75	2.297014101007862
15.8	2.2980903934838337
15.850000000000001	2.299166685959805
15.9	2.3002429784357767
15.950000000000001	2.3013192709117485
16.0	2.3023955633877202
16.05	2.303471855863692
16.1	2.3045481483396633
16.150000000000002	2.305624440815635
16.2	2.3067007332916067
16.25	2.3077770257675785
16.3	2.30885331824355
16.35	2.3099296107195215
16.400000000000002	2.3109578096877366
16.45	2.311767583974888
16.5	2.31257735826204
16.55	2.313387132549192
16.6	2.3141969068363437
16.650000000000002	2.3150066811234957
16.7	2.3158164554106473
16.75	2.3166262296977993
16.8	2.3174360039849513
16.85	2.3182457782721033
16.900000000000002	2.319055552559255
16.95	2.319865326846407
17.0	2.3207364666683397
17.05	2.3219543217617837
17.1	2.3231721768552283
17.150000000000002	2.3243900319486728
17.2	2.3256078870421173
17.25	2.3268257421355614
17.3	2.328043597229006
17.35	2.3292614523224504
17.400000000000002	2.330479307415895
17.45	2.331697162509339
17.5	2.3329150176027835
17.55	2.334132872696228
17.6	2.3352825618840893
17.650000000000002	2.335933787887375
17.7	2.336585013890661
17.75	2.3372362398939464
17.8	2.337887465897232
17.85	2.338538691900518
17.900000000000002	2.339189917903804
17.95	2.339841143907089
18.0	2.340492369910375
18.05	2.341143595913661
18.1	2.3417948219169467
18.150000000000002	2.3424460479202325
18.2	2.343097273923518
18.25	2.3437484999268037
18.3	2.3443997259300895
18.35	2.3451051508266625
18.400000000000002	2.346411690721511
18.45	2.3477182306163593
18.5	2.349024770511208
18.55	2.3503313104060566
18.6	2.351637850300905
18.650000000000002	2.352944390195754
18.7	2.3542509300906023
18.75	2.355557469985451
18.8	2.3568640098802995
18.85	2.358170549775148
18.900000000000002	2.359477089669997
18.95	2.360783629564845
19.0	2.362090169459694
19.05	2.3633967093545425
19.1	2.36467599874361
19.150000000000002	2.365378485760309
19.200000000000003	2.3660809727770085
19.25	2.3667834597937074
19.3	2.367485946810407
19.35	2.368188433827106
19.400000000000002	2.368890920843805
19.450000000000003	2.3695934078605045
19.5	2.370295894877204
19.55	2.370998381893903
19.6	2.3717008689106023
19.650000000000002	2.3724033559273017
19.700000000000003	2.3731058429440006
19.75	2.3738083299607
19.8	2.374510816977399
19.85	2.3752133039940984
19.900000000000002	2.3759157910107978
19.950000000000003	2.3766182780274967
20.0	2.377320765044196
20.05	2.3780232520608955
20.1	2.3787257390775944
20.150000000000002	2.379428226094294
20.200000000000003	2.3802511401711848
20.25	2.381074966574289
20.3	2.3818987929773936
20.35	2.382722619380498
20.400000000000002	2.3835464457836024
20.450000000000003	2.3843702721867066
20.5	2.385194098589811
20.55	2.3860179249929154
20.6	2.3868417513960196
20.650000000000002	2.3876655777991243
20.700000000000003	2.3884894042022284
20.75	2.389313230605333
20.8	2.3901370570084373
20.85	2.390960883411542
20.900000000000002	2.391784709814646
20.950000000000003	2.3926085362177507
21.0	2.393432362620855
21.05	2.3942561890239595
21.1	2.3950800154270637
21.150000000000002	2.3959038418301684
21.200000000000003	2.3967276682332725
21.25	2.3975514946363767
21.3	2.3983753210394814
21.35	2.3991991474425856
21.400000000000002	2.40002297384569
21.450000000000003	2.4008468002487944
21.5	2.401670626651899
21.55	2.402494453055003
21.6	2.403318279458108
21.650000000000002	2.404142105861212
21.700000000000003	2.4049659322643167
21.75	2.405789758667421
21.8	2.4066135850705255
21.85	2.4074374114736297
21.900000000000002	2.4082612378767343
21.950000000000003	2.4090850642798385
22.0	2.4099088906829427
22.05	2.4107327170860473
22.1	2.4115565434891515
22.150000000000002	2.412380369892256
22.200000000000003	2.4132041962953603
22.25	2.414028022698465
22.3	2.414923653641103
22.35	2.4158284122794442
22.400000000000002	2.4167331709177855
22.450000000000003	2.417637929556127
22.5	2.4185426881944685
22.55	2.4194474468328098
22.6	2.420352205471151
22.650000000000002	2.4212569641094923
22.700000000000003	2.422161722747834
22.75	2.4230664813861753
22.8	2.4239712400245166
22.85	2.424875998662858
22.900000000000002	2.4257807573011996
22.950000000000003	2.426685515939541
23.0	2.427590274577882
23.05	2.4284950332162234
23.1	2.429399791854565
23.150000000000002	2.4303045504929064
23.200000000000003	2.4312093091312477
23.25	2.432114067769589
23.3	2.43301882640793
23.35	2.433923585046272
23.400000000000002	2.434828343684613
23.450000000000003	2.4357331023229545
23.5	2.4366378609612958
23.55	2.4375426195996375
23.6	2.4384473782379787
23.650000000000002	2.43935213687632
23.700000000000003	2.4402568955146613
23.75	2.441161654153003
23.8	2.4420664127913443
23.85	2.4429711714296856
23.900000000000002	2.443875930068027
23.950000000000003	2.444540550675795
24.0	2.445146819986414
24.05	2.4457530892970336
24.1	2.446359358607653
24.150000000000002	2.446965627918272
24.200000000000003	2.4475718972288916
24.25	2.448178166539511
24.3	2.44878443585013
24.35	2.4493907051607495
24.400000000000002	2.449996974471369
24.450000000000003	2.450603243781988
24.5	2.4512095130926075
24.55	2.4518157824032265
24.6	2.452422051713846
24.650000000000002	2.4530283210244654
24.700000000000003	2.4536345903350845
24.75	2.454240859645704
24.8	2.4548471289563234
24.85	2.4554533982669424
24.900000000000002	2.456059667577562
24.950000000000003	2.4566659368881814
25.0	2.4572722061988004
25.05	2.45787847550942
25.1	2.4584847448200393
25.150000000000002	2.4590910141306583
25.200000000000003	2.459697283441278
25.25	2.4603035527518973
25.3	2.4609098220625163
25.35	2.4615160913731358
25.400000000000002	2.4621223606837552
25.450000000000003	2.4627286299943743
25.5	2.4633348993049937
25.55	2.4639411686156127
25.6	2.464593165822711
25.650000000000002	2.4652627873232436
25.700000000000003	2.4659324088237766
25.75	2.4666020303243092
25.8	2.467271651824842
25.85	2.4679412733253745
25.900000000000002	2.468610894825907
25.950000000000003	2.4692805163264397
26.0	2.4699501378269724
26.05	2.470619759327505
26.1	2.4712893808280376
26.150000000000002	2.4719590023285702
26.200000000000003	2.472628623829103
26.25	2.4732982453296355
26.3	2.473967866830168
26.35	2.4746374883307007
26.400000000000002	2.475307109831234
26.450000000000003	2.4759767313317664
26.5	2.476646352832299
26.55	2.4773159743328317
26.6	2.4779855958333643
26.650000000000002	2.478655217333897
26.700000000000003	2.4793248388344296
26.75	2.479994460334962
26.8	2.480664081835495
26.85	2.4813337033360274
26.900000000000002	2.48200332483656
26.950000000000003	2.4826729463370927
27.0	2.4833425678376253
27.05	2.4840121893381584
27.1	2.4852168927997105
27.150000000000002	2.486714024774843
27.200000000000003	2.488211156749976
27.25	2.4897082887251085
27.3	2.491205420700241
27.35	2.492702552675374
27.400000000000002	2.4941996846505066
27.450000000000003	2.4956968166256392
27.5	2.497193948600772
27.55	2.4986910805759046
27.6	2.5001882125510373
27.650000000000002	2.5016853445261704
27.700000000000003	2.503182476501303
27.75	2.504679608476436
27.8	2.5061767404515685
27.85	2.507673872426701
27.900000000000002	2.509171004401834
27.950000000000003	2.5106681363769665
28.0	2.512165268352099
28.05	2.513662400327232
28.1	2.5151595323023646
28.150000000000002	2.5166566642774972
28.200000000000003	2.51815379625263
28.25	2.5196509282277626
28.3	2.5211480602028953
28.35	2.522645192178028
28.400000000000002	2.524142324153161
28.450000000000003	2.525263206698477
28.5	2.5261104532948355
28.55	2.526957699891194
28.6	2.5278049464875525
28.650000000000002	2.5286521930839108
28.700000000000003	2.5294994396802695
28.75	2.5303466862766277
28.8	2.5311939328729864
28.85	2.532041179469345
28.900000000000002	2.5328884260657034
28.950000000000003	2.533735672662062
29.0	2.5345829192584204
29.05	2.535430165854779
29.1	2.5362774124511374
29.150000000000002	2.537124659047496
29.200000000000003	2.5379719056438543
29.25	2.538819152240213
29.3	2.5396663988365713
29.35	2.54051364543293
29.400000000000002	2.5413608920292887
29.450000000000003	2.542208138625647
29.5	2.5430553852220057
29.55	2.543902631818364
29.6	2.5447498784147227
29.650000000000002	2.5460410922974615
29.700000000000003	2.547744101924089
29.75	2.5494471115507165
29.8	2.551150121177344
29.85	2.552853130803972
29.900000000000002	2.5545561404305994
29.950000000000003	2.556259150057227
30.0	2.5579621596838544
30.05	2.5596651693104824
30.1	2.56136817893711
30.150000000000002	2.5630711885637374
30.200000000000003	2.5647741981903653
30.25	2.566477207816993
30.3	2.5681802174436204
30.35	2.569883227070248
30.400000000000002	2.571586236696876
30.450000000000003	2.5732892463235033
30.5	2.574992255950131
30.55	2.576699299677032
30.6	2.57841082573757
30.650000000000002	2.5801223517981082
30.700000000000003	2.5818338778586463
30.75	2.5835454039191843
30.8	2.5852569299797223
30.85	2.586968456040261
30.900000000000002	2.588679982100799
30.950000000000003	2.590391508161337
31.0	2.592103034221875
31.05	2.593814560282413
31.1	2.5955260863429515
31.150000000000002	2.59698654451825
31.200000000000003	2.598132103990028
31.25	2.5992776634618053
31.3	2.6004232229335833
31.35	2.601568782405361
31.400000000000002	2.602714341877139
31.450000000000003	2.6038599013489168
31.5	2.6050054608206943
31.55	2.6061510202924723
31.6	2.6072965797642498
31.650000000000002	2.6084421392360277
31.700000000000003	2.6095876987078053
31.75	2.6107332581795832
31.8	2.6118788176513608
31.85	2.6130243771231387
31.900000000000002	2.6141699365949167
31.950000000000003	2.6153154960666942
32.0	2.616461055538472
32.050000000000004	2.617838259348591
32.1	2.619565114990168
32.15	2.6212919706317455
32.2	2.6230188262733227
32.25	2.6247456819149
32.300000000000004	2.6264725375564772
32.35	2.6281993931980545
32.4	2.6299262488396313
32.45	2.631653104481209
32.5	2.633379960122786
32.550000000000004	2.6351068157643636
32.6	2.636833671405941
32.65	2.6385605270475176
32.7	2.6402873826890954
32.75	2.642014238330672
32.800000000000004	2.64374109397225
32.85	2.6454679496138267
32.9	2.647194805255404
32.95	2.648822712630079
33.0	2.6502695657291446
33.050000000000004	2.6517164188282103
33.1	2.653163271927276
33.15	2.6546101250263416
33.2	2.6560569781254078
33.25	2.6575038312244734
33.300000000000004	2.658950684323539
33.35	2.660397537422605
33.4	2.661844390521671
33.45	2.6632912436207365
33.5	2.664738096719802
33.550000000000004	2.6661849498188683
33.6	2.667631802917934
33.65	2.6690786560169997
33.7	2.6705255091160653
33.75	2.671972362215131
33.800000000000004	2.673419215314197
33.85	2.674958423330261
33.9	2.6767048667698323
33.95	2.6784513102094043
34.0	2.680197753648976
34.050000000000004	2.6819441970885474
34.1	2.683690640528119
34.15	2.6854370839676904
34.2	2.6871835274072624
34.25	2.688929970846834
34.300000000000004	2.6906764142864055
34.35	2.692422857725977
34.4	2.694169301165549
34.45	2.6959157446051205
34.5	2.697662188044692
34.550000000000004	2.699408631484264
34.6	2.7011550749238356
34.65	2.702901518363407
34.7	2.7046479618029786
34.75	2.70639440524255
34.800000000000004	2.708140848682122
34.85	2.7098872921216937
34.9	2.711536893056577
34.95	2.71290451140428
35.0	2.7142721297519823
35.050000000000004	2.7156397480996852
35.1	2.717007366447388
35.15	2.7183749847950907
35.2	2.7197426031427936
35.25	2.721110221490496
35.300000000000004	2.722477839838199
35.35	2.723845458185902
35.4	2.7252130765336045
35.45	2.7265806948813074
35.5	2.72794831322901
35.550000000000004	2.729315931576713
35.6	2.7306835499244153
35.65	2.7320511682721182
35.7	2.733418786619821
35.75	2.7347864049675237
35.800000000000004	2.7361540233152266
35.85	2.737521641662929
35.9	2.738889260010632
35.95	2.740256878358335
36.0	2.7416244967060375
36.050000000000004	2.7429921150537404
36.1	2.744359733401443
36.15	2.745727351749146
36.2	2.7470949700968488
36.25	2.7483478548303983
36.300000000000004	2.7491050903508087
36.35	2.7498623258712187
36.4	2.750619561391629
36.45	2.751376796912039
36.5	2.7521340324324495
36.550000000000004	2.75289126795286
36.6	2.75364850347327
36.65	2.75440573899368
36.7	2.75516297451409
36.75	2.7559202100345
36.800000000000004	2.7566774455549106
36.85	2.7574346810753205
36.9	2.758191916595731
36.95	2.758949152116141
37.0	2.7597063876365513
37.050000000000004	2.7604636231569617
37.1	2.7612208586773717
37.15	2.7619780941977816
37.2	2.762735329718192
37.25	2.763492565238602
37.300000000000004	2.764387482102766
37.35	2.766162029774242
37.4	2.7679365774457185
37.45	2.7697111251171953
37.5	2.771485672788672
37.550000000000004	2.7732602204601484
37.6	2.775034768131625
37.65	2.7768093158031015
37.7	2.7785838634745783
37.75	2.7803584111460546
37.800000000000004	2.7821329588175314
37.85	2.7839075064890078
37.9	2.7856820541604845
37.95	2.787456601831961
38.0	2.7892311495034376
38.050000000000004	2.791005697174914
38.1	2.7927802448463908
38.15	2.794554792517867
38.2	2.7962295310466465
38.25	2.796897860719895
38.300000000000004	2.7975661903931437
38.35	2.798234520066392
38.400000000000006	2.7989028497396404
38.45	2.7995711794128892
38.5	2.8002395090861376
38.550000000000004	2.8009078387593864
38.6	2.801576168432635
38.650000000000006	2.802244498105883
38.7	2.802912827779132
38.75	2.8035811574523803
38.800000000000004	2.8042494871256287
38.85	2.8049178167988775
38.900000000000006	2.805586146472126
38.95	2.8062544761453743
39.0	2.806922805818623
39.050000000000004	2.8075911354918714
39.1	2.8082594651651203
39.150000000000006	2.8089277948383686
39.2	2.809596124511617
39.25	2.810264454184866
39.300000000000004	2.810932783858114
39.35	2.8116011135313626
39.400000000000006	2.8122778824530834
39.45	2.8132268171380366
39.5	2.8141757518229893
39.550000000000004	2.8151246865079425
39.6	2.816073621192895
39.650000000000006	2.8170225558778483
39.7	2.817971490562801
39.75	2.8189204252477538
39.800000000000004	2.819869359932707
39.85	2.8208182946176596
39.900000000000006	2.821767229302613
39.95	2.8227161639875655
40.0	2.8236650986725182
40.050000000000004	2.8246140333574714
40.1	2.825562968042424
40.150000000000006	2.8265119027273773
40.2	2.82746083741233
40.25	2.8284097720972827
40.300000000000004	2.829358706782236
40.35	2.8303076414671886
40.400000000000006	2.8312565761521418
40.45	2.8322055108370945
40.5	2.833154445522047
40.550000000000004	2.8341033802070004
40.6	2.835052314891953
40.650000000000006	2.8360012495769062
40.7	2.836950184261859
40.75	2.8378991189468117
40.800000000000004	2.838848053631765
40.85	2.8397969883167176
40.900000000000006	2.8407459230016707
40.95	2.8416948576866234
41.0	2.842643792371576
41.050000000000004	2.8435927270565293
41.1	2.844541661741482
41.150000000000006	2.845490596426435
41.2	2.846439531111388
41.25	2.8473884657963406
41.300000000000004	2.848337400481294
41.35	2.8492863351662465
41.400000000000006	2.8502352698511997
41.45	2.8511842045361524
41.5	2.8521331392211056
41.550000000000004	2.8530820739060583
41.6	2.854031008591011
41.650000000000006	2.854979943275964
41.7	2.855928877960917
41.75	2.85687781264587
41.800000000000004	2.8578267473308228
41.85	2.858775682015776
41.900000000000006	2.8597246167007286
41.95	2.8606735513856814
42.0	2.861475796419792
42.050000000000004	2.862262150075061
42.1	2.86304850373033
42.150000000000006	2.863834857385599
42.2	2.8646212110408684
42.25	2.865407564696137
42.300000000000004	2.8661939183514065
42.35	2.8669802720066757
42.400000000000006	2.867766625661945
42.45	2.8685529793172138
42.5	2.869339332972483
42.550000000000004	2.8701256866277522
42.6	2.870912040283021
42.650000000000006	2.8716983939382903
42.7	2.8724847475935595
42.75	2.8732711012488283
42.800000000000004	2.8740574549040976
42.85	2.8748438085593664
42.900000000000006	2.8756301622146356
42.95	2.876416515869905
43.0	2.8772028695251737
43.050000000000004	2.877989223180443
43.1	2.878775576835712
43.150000000000006	2.8795619304909814
43.2	2.88034828414625
43.25	2.8811346378015195
43.300000000000004	2.8819209914567887
43.35	2.8827073451120575
43.400000000000006	2.8834936987673268
43.45	2.884280052422596
43.5	2.885066406077865
43.550000000000004	2.885852759733134
43.6	2.8866391133884033
43.650000000000006	2.887425467043672
43.7	2.8882118206989413
43.75	2.8889981743542106
43.800000000000004	2.8897845280094794
43.85	2.8905708816647486
43.900000000000006	2.891357235320018
43.95	2.8921435889752867
44.0	2.892929942630556
44.050000000000004	2.893716296285825
44.1	2.894502649941094
44.150000000000006	2.895289003596363
44.2	2.8960753572516325
44.25	2.8968617109069013
44.300000000000004	2.8976480645621705
44.35	2.8984344182174397
44.400000000000006	2.899220771872709
44.45	2.900007125527978
44.5	2.900793479183247
44.550000000000004	2.9015798328385163
44.6	2.902366186493785
44.650000000000006	2.9031525401490543
44.7	2.903938893804323
44.75	2.9047252474595924
44.800000000000004	2.9055116011148616
44.85	2.9062979547701304
44.900000000000006	2.9070843084253997
44.95	2.907870662080669
45.0	2.9086570157359377
45.050000000000004	2.909443369391207
45.1	2.910229723046476
45.150000000000006	2.9110160767017454
45.2	2.9118024303570142
45.25	2.9125887840122835
45.300000000000004	2.9133751376675527
45.35	2.9141614913228215
45.400000000000006	2.914947844978091
45.45	2.9157318619959094
45.5	2.916515011808076
45.550000000000004	2.9172981616202427
45.6	2.918081311432409
45.650000000000006	2.918864461244576
45.7	2.9196476110567424
45.75	2.9204307608689093
45.800000000000004	2.9212139106810757
45.85	2.9219970604932426
45.900000000000006	2.9227802103054095
45.95	2.923563360117576
46.0	2.9243465099297423
46.050000000000004	2.925129659741909
46.1	2.925912809554076
46.150000000000006	2.9266959593662425
46.2	2.9274791091784094
46.25	2.928262258990576
46.300000000000004	2.9290454088027427
46.35	2.929828558614909
46.400000000000006	2.930611708427076
46.45	2.9313948582392424
46.5	2.9321780080514093
46.550000000000004	2.932961157863576
46.6	2.9337443076757426
46.650000000000006	2.9345274574879094
46.7	2.935310607300076
46.75	2.9360937571122427
46.800000000000004	2.936876906924409
46.85	2.937660056736576
46.900000000000006	2.9384432065487425
46.95	2.9392263563609093
47.0	2.9400095061730758
47.050000000000004	2.9407926559852426
47.1	2.9415758057974095
47.150000000000006	2.942358955609576
47.2	2.943142105421743
47.25	2.9439252552339092
47.300000000000004	2.944708405046076
47.35	2.9454915548582425
47.400000000000006	2.9462747046704094
47.45	2.947057854482576
47.5	2.9478410042947427
47.550000000000004	2.9486241541069096
47.6	2.949407303919076
47.650000000000006	2.950190453731243
47.7	2.9509736035434093
47.75	2.951756753355576
47.800000000000004	2.9525399031677426
47.85	2.9533230529799095
47.900000000000006	2.954106202792076
47.95	2.954889352604243
48.0	2.955672502416409
48.050000000000004	2.956455652228576
48.1	2.9572388020407425
48.150000000000006	2.9580219518529094
48.2	2.9588051016650763
48.25	2.9595882514772427
48.300000000000004	2.9603714012894096
48.35	2.961154551101576
48.400000000000006	2.961937700913743
48.45	2.9627208507259093
48.5	2.963504000538076
48.550000000000004	2.9642871503502426
48.6	2.9650703001624095
48.650000000000006	2.9658534499745763
48.7	2.9666365997867428
48.75	2.967419749598909
48.800000000000004	2.968202899411076
48.85	2.968986049223243
48.900000000000006	2.9697691990354094
48.95	2.9705523488475762
49.0	2.9713354986597427
49.050000000000004	2.9721186484719095
49.1	2.972901798284076
49.150000000000006	2.973684948096243
49.2	2.9744680979084093
49.25	2.975251247720576
49.300000000000004	2.976034397532743
49.35	2.9768175473449094
49.400000000000006	2.9776006971570763
49.45	2.9783838469692427
49.5	2.9791669967814096
49.550000000000004	2.979950146593576
49.6	2.980733296405743
49.650000000000006	2.981341010022827
49.7	2.9817860002125878
49.75	2.9822309904023485
49.800000000000004	2.9826759805921097
49.85	2.9831209707818704
49.900000000000006	2.983565960971631
49.95	2.9840109511613924
50.0	2.984455941351153
50.050000000000004	2.984900931540914
50.1	2.985345921730675
50.150000000000006	2.9857909119204358
50.2	2.9862359021101965
50.25	2.9866808922999577
50.300000000000004	2.9871258824897184
50.35	2.9875708726794796
50.400000000000006	2.9880158628692404
50.45	2.988460853059001
50.5	2.9889058432487623
50.550000000000004	2.989350833438523
50.6	2.9897958236282838
50.650000000000006	2.990240813818045
50.7	2.9906858040078057
50.75	2.9911307941975664
50.800000000000004	2.9915757843873276
50.85	2.9920207745770884
50.900000000000006	2.9924657647668496
50.95	2.9929107549566103
51.0	2.993355745146371
51.050000000000004	2.9938007353361322
51.1	2.994245725525893
51.150000000000006	2.994690715715654
51.2	2.995135705905415
51.25	2.9955806960951756
51.300000000000004	2.996025686284937
51.35	2.9964706764746976
51.400000000000006	2.9969156666644583
51.45	2.9973606568542195
51.5	2.9978056470439802
51.550000000000004	2.998250637233741
51.6	2.998695627423502
51.650000000000006	2.999140617613263
51.7	2.9995856078030236
51.75	3.000030597992785
51.800000000000004	3.0004755881825456
51.85	3.0009205783723067
51.900000000000006	3.0013655685620675
51.95	3.0018105587518282
52.0	3.0022555489415894
52.050000000000004	3.00270053913135
52.1	3.003145529321111
52.150000000000006	3.003590519510872
52.2	3.004035509700633
52.25	3.0044804998903936
52.300000000000004	3.0049254900801547
52.35	3.0053704802699155
52.400000000000006	3.0058154704596767
52.45	3.0062604606494374
52.5	3.006705450839198
52.550000000000004	3.0071504410289593
52.6	3.00759543121872
52.650000000000006	3.008040421408481
52.7	3.008485411598242
52.75	3.0089304017880028
52.800000000000004	3.009375391977764
52.85	3.0098203821675247
52.900000000000006	3.0102653723572854
52.95	3.0107103625470466
53.0	3.0111553527368073
53.050000000000004	3.011600342926568
53.1	3.0120453331163293
53.150000000000006	3.01249032330609
53.2	3.0129353134958508
53.25	3.013380303685612
53.300000000000004	3.0138252938753727
53.35	3.014270284065134
53.400000000000006	3.0147152742548946
53.45	3.0151602644446553
53.5	3.0156052546344165
53.550000000000004	3.0160502448241773
53.6	3.016495235013938
53.650000000000006	3.016940225203699
53.7	3.01738521539346
53.75	3.0178302055832207
53.800000000000004	3.018275195772982
53.85	3.0187201859627426
53.900000000000006	3.019165176152504
53.95	3.0196101663422645
54.0	3.020024569145901
54.050000000000004	3.020367856276798
54.1	3.0207111434076954
54.150000000000006	3.0210544305385927
54.2	3.02139771766949
54.25	3.021741004800387
54.300000000000004	3.0220842919312845
54.35	3.0224275790621817
54.400000000000006	3.022770866193079
54.45	3.0231141533239763
54.5	3.0234574404548735
54.550000000000004	3.023800727585771
54.6	3.024144014716668
54.650000000000006	3.0244873018475653
54.7	3.024830588978462
54.75	3.0251738761093594
54.800000000000004	3.0255171632402567
54.85	3.025860450371154
54.900000000000006	3.026203737502051
54.95	3.0265470246329484
55.0	3.0268903117638457
55.050000000000004	3.027233598894743
55.1	3.0275768860256402
55.150000000000006	3.0279201731565375
55.2	3.0282634602874348
55.25	3.028606747418332
55.300000000000004	3.0289500345492293
55.35	3.0292933216801265
55.400000000000006	3.029636608811024
55.45	3.029979895941921
55.5	3.030323183072818
55.550000000000004	3.030666470203715
55.6	3.0310097573346124
55.650000000000006	3.0313530444655097
55.7	3.031696331596407
55.75	3.032039618727304
55.800000000000004	3.0323829058582015
55.85	3.0327261929890987
55.900000000000006	3.033069480119996
55.95	3.0334127672508933
56.0	3.0337560543817905
56.050000000000004	3.034099341512688
56.1	3.034442628643585
56.150000000000006	3.0347859157744823
56.2	3.0351292029053796
56.25	3.035472490036277
56.300000000000004	3.035815777167174
56.35	3.036159064298071
56.400000000000006	3.036502351428968
56.45	3.0368456385598654
56.5	3.0371889256907627
56.550000000000004	3.03753221282166
56.6	3.0378754999525572
56.650000000000006	3.0382187870834545
56.7	3.0385620742143518
56.75	3.038905361345249
56.800000000000004	3.0392486484761463
56.85	3.0395919356070435
56.900000000000006	3.039935222737941
56.95	3.040278509868838
57.0	3.0406217969997353
57.050000000000004	3.0409650841306326
57.1	3.04130837126153
57.150000000000006	3.041651658392427
57.2	3.0419949455233244
57.25	3.042338232654221
57.300000000000004	3.0426815197851185
57.35	3.0430248069160157
57.400000000000006	3.043368094046913
57.45	3.0437113811778103
57.5	3.0440546683087075
57.550000000000004	3.044397955439605
57.6	3.044741242570502
57.650000000000006	3.0450845297013993
57.7	3.0454278168322966
57.75	3.045771103963194
57.800000000000004	3.046114391094091
57.85	3.0464576782249884
57.900000000000006	3.0468009653558856
57.95	3.047144252486783
58.0	3.04748753961768
58.050000000000004	3.04781307900753
58.1	3.0479747930954066
58.150000000000006	3.0481365071832833
58.2	3.0482982212711605
58.25	3.048459935359037
58.300000000000004	3.048621649446914
58.35	3.0487833635347905
58.400000000000006	3.048945077622667
58.45	3.049106791710544
58.5	3.0492685057984206
58.550000000000004	3.0494302198862973
58.6	3.049591933974174
58.650000000000006	3.049753648062051
58.7	3.0499153621499278
58.75	3.0500770762378044
58.800000000000004	3.050238790325681
58.85	3.050400504413558
58.900000000000006	3.0505622185014345
58.95	3.050723932589311
59.0	3.050885646677188
59.050000000000004	3.0510473607650646
59.1	3.0512090748529417
59.150000000000006	3.0513707889408184
59.2	3.051532503028695
59.25	3.0516942171165717
59.300000000000004	3.0518559312044484
59.35	3.052017645292325
59.400000000000006	3.052179359380202
59.45	3.0523410734680785
59.5	3.052502787555955
59.550000000000004	3.0526645016438323
59.6	3.052826215731709
59.650000000000006	3.0529879298195857
59.7	3.0531496439074624
59.75	3.053311357995339
59.800000000000004	3.0534730720832157
59.85	3.0536347861710924
59.900000000000006	3.053796500258969
59.95	3.053958214346846
60.0	3.054119928434723
60.050000000000004	3.0542816425225996
60.1	3.0544433566104763
60.150000000000006	3.054605070698353
60.2	3.0547667847862296
60.25	3.0549284988741063
60.300000000000004	3.055090212961983
60.35	3.0552519270498597
60.400000000000006	3.0554136411377364
60.45	3.0555753552256135
60.5	3.05573706931349
60.550000000000004	3.055898783401367
60.6	3.0560604974892436
60.650000000000006	3.0562222115771203
60.7	3.056383925664997
60.75	3.0565456397528736
60.800000000000004	3.0567073538407503
60.85	3.056869067928627
60.900000000000006	3.057030782016504
60.95	3.057192496104381
61.0	3.0573542101922575
61.050000000000004	3.057515924280134
61.1	3.057677638368011
61.150000000000006	3.0578393524558876
61.2	3.0580010665437642
61.25	3.058162780631641
61.300000000000004	3.0583244947195176
61.35	3.0584862088073947
61.400000000000006	3.0586479228952714
61.45	3.058809636983148
61.5	3.058971351071025
61.550000000000004	3.0590552703112515
61.6	3.059132864767116
61.650000000000006	3.059210459222981
61.7	3.059288053678846
61.75	3.0593656481347105
61.800000000000004	3.0594432425905755
61.85	3.05952083704644
61.900000000000006	3.0595984315023053
61.95	3.05967602595817
62.0	3.0597536204140345
62.050000000000004	3.0598312148698996
62.1	3.0599088093257643
62.150000000000006	3.059986403781629
62.2	3.060063998237494
62.25	3.0601415926933586
62.300000000000004	3.0602191871492237
62.35	3.0602967816050883
62.400000000000006	3.060374376060953
62.45	3.060451970516818
62.5	3.0605295649726827
62.550000000000004	3.0606071594285478
62.6	3.0606847538844124
62.650000000000006	3.060762348340277
62.7	3.060839942796142
62.75	3.0609175372520068
62.800000000000004	3.060995131707872
62.85	3.0610727261637365
62.900000000000006	3.061150320619601
62.95	3.061227915075466
63.0	3.061305509531331
63.050000000000004	3.0613831039871955
63.1	3.0614606984430606
63.150000000000006	3.061538292898925
63.2	3.0616158873547903
63.25	3.061693481810655
63.300000000000004	3.0617710762665196
63.35	3.0618486707223846
63.400000000000006	3.0619262651782493
63.45	3.0620038596341144
63.5	3.062081454089979
63.550000000000004	3.0621590485458436
63.6	3.0622366430017087
63.650000000000006	3.0623142374575734
63.7	3.0623918319134384
63.75	3.062469426369303
63.800000000000004	3.0625470208251677
63.85	3.062624615281033
63.900000000000006	3.0627022097368974
63.95	3.062779804192762
64.0	3.062857398648627
64.05	3.062934993104492
64.10000000000001	3.063012587560357
64.15	3.0630901820162215
64.2	3.063167776472086
64.25	3.0632453709279512
64.3	3.063322965383816
64.35000000000001	3.063400559839681
64.4	3.0634781542955456
64.45	3.0635557487514102
64.5	3.0636333432072753
64.55	3.06371093766314
64.60000000000001	3.063788532119005
64.65	3.0638661265748697
64.7	3.0639437210307343
64.75	3.0640213154865994
64.8	3.064098909942464
64.85000000000001	3.0641765043983287
64.9	3.0642540988541938
64.95	3.0643316933100584
65.0	3.0644092877659235
65.05	3.064486882221788
65.10000000000001	3.0645644766776527
65.15	3.0646659658243633
65.2	3.0647756612285355
65.25	3.0648853566327077
65.3	3.06499505203688
65.35000000000001	3.0651047474410524
65.4	3.0652144428452246
65.45	3.0653241382493968
65.5	3.0654338336535694
65.55	3.0655435290577415
65.60000000000001	3.0656532244619137
65.65	3.065762919866086
65.7	3.0658726152702584
65.75	3.0659823106744306
65.8	3.0660920060786028
65.85000000000001	3.0662017014827754
65.9	3.0663113968869475
65.95	3.0664210922911197
66.0	3.066530787695292
66.05	3.0666404830994645
66.10000000000001	3.0667501785036366
66.15	3.066859873907809
66.2	3.0669695693119814
66.25	3.0670792647161536
66.3	3.0671889601203257
66.35000000000001	3.0672986555244983
66.4	3.0674083509286705
66.45	3.0675180463328426
66.5	3.067627741737015
66.55	3.0677374371411874
66.60000000000001	3.0678471325453596
66.65	3.0679568279495317
66.7	3.068066523353704
66.75	3.0681762187578765
66.8	3.0682859141620487
66.85000000000001	3.068395609566221
66.9	3.0685053049703934
66.95	3.0686150003745656
67.0	3.0687246957787377
67.05	3.06883439118291
67.10000000000001	3.0689440865870825
67.15	3.0690537819912547
67.2	3.069163477395427
67.25	3.0692731727995994
67.3	3.0693828682037716
67.35000000000001	3.0694925636079438
67.4	3.0696022590121164
67.45	3.0697119544162885
67.5	3.0698216498204607
67.55	3.069931345224633
67.60000000000001	3.0700410406288055
67.65	3.0701507360329776
67.7	3.0702604314371498
67.75	3.0703701268413224
67.8	3.0704798222454945
67.85000000000001	3.0705895176496667
67.9	3.070699213053839
67.95	3.0708089084580115
68.0	3.0709186038621836
68.05	3.071028299266356
68.10000000000001	3.0711379946705284
68.15	3.0712476900747006
68.2	3.0713573854788727
68.25	3.071467080883045
68.3	3.0715767762872175
68.35000000000001	3.0716864716913896
68.4	3.071796167095562
68.45	3.0719058624997344
68.5	3.0720155579039066
68.55	3.0721252533080787
68.60000000000001	3.072234948712251
68.65	3.0723446441164235
68.7	3.0724543395205957
68.75	3.072564034924768
68.8	3.0726737303289404
68.85000000000001	3.0727834257331126
68.9	3.0728931211372847
68.95	3.073002816541457
69.0	3.0731125119456295
69.05	3.0732222073498017
69.10000000000001	3.073331902753974
69.15	3.0734415981581464
69.2	3.0735512935623186
69.25	3.0736609889664908
69.3	3.073770684370663
69.35000000000001	3.0738803797748355
69.4	3.0739900751790077
69.45	3.07409977058318
69.5	3.0742094659873525
69.55	3.0743191613915246
69.60000000000001	3.0744288567956968
69.65	3.074538552199869
69.7	3.0746482476040415
69.75	3.0747579430082137
69.8	3.074867638412386
69.85000000000001	3.0749773338165585
69.9	3.0750870292207306
69.95	3.075196724624903
70.0	3.075306420029075
70.05	3.0754161154332476
70.10000000000001	3.0755258108374197
70.15	3.075635506241592
70.2	3.0757452016457645
70.25	3.0758266372851724
70.3	3.0758785088629805
70.35000000000001	3.075930380440789
70.4	3.0759822520185973
70.45	3.076034123596406
70.5	3.076085995174214
70.55	3.0761378667520227
70.60000000000001	3.076189738329831
70.65	3.0762416099076395
70.7	3.0762934814854477
70.75	3.0763453530632563
70.8	3.0763972246410645
70.85000000000001	3.076449096218873
70.9	3.0765009677966813
70.95	3.07655283937449
71.0	3.076604710952298
71.05	3.0766565825301067
71.10000000000001	3.076708454107915
71.15	3.0767603256857234
71.2	3.0768121972635316
71.25	3.0768640688413402
71.3	3.0769159404191484
71.35000000000001	3.076967811996957
71.4	3.077019683574765
71.45	3.0770715551525734
71.5	3.077123426730382
71.55	3.07717529830819
71.60000000000001	3.0772271698859988
71.65	3.077279041463807
71.7	3.0773309130416155
71.75	3.0773827846194237
71.8	3.0774346561972323
71.85000000000001	3.0774865277750405
71.9	3.077538399352849
71.95	3.0775902709306573
72.0	3.077642142508466
72.05	3.077694014086274
72.10000000000001	3.0777458856640827
72.15	3.077797757241891
72.2	3.0778496288196995
72.25	3.0779015003975077
72.3	3.0779533719753163
72.35000000000001	3.0780052435531244
72.4	3.078057115130933
72.45	3.0781089867087412
72.5	3.07816085828655
72.55	3.078212729864358
72.60000000000001	3.0782646014421666
72.65	3.078316473019975
72.7	3.0783683445977834
72.75	3.0784202161755916
72.8	3.0784720877534
72.85000000000001	3.0785239593312084
72.9	3.078575830909017
72.95	3.078627702486825
73.0	3.0786795740646333
73.05	3.078731445642442
73.10000000000001	3.07878331722025
73.15	3.0788351887980587
73.2	3.078887060375867
73.25	3.0789389319536755
73.3	3.0789908035314837
73.35000000000001	3.0790426751092923
73.4	3.0790945466871005
73.45	3.079146418264909
73.5	3.0791982898427173
73.55	3.079250161420526
73.60000000000001	3.079302032998334
73.65	3.0793539045761427
73.7	3.079405776153951
73.75	3.0794576477317595
73.8	3.0795095193095676
73.85000000000001	3.0795613908873762
73.9	3.0796132624651844
73.95	3.079665134042993
74.0	3.079717005620801
74.05	3.07976887719861
74.10000000000001	3.079820748776418
74.15	3.0798726203542266
74.2	3.0799244919320348
74.25	3.0799763635098434
74.3	3.0800282350876516
74.35000000000001	3.08008010666546
74.4	3.0801319782432683
74.45	3.080183849821077
74.5	3.080235721398885
74.55	3.0802875929766933
74.60000000000001	3.080339464554502
74.65	3.08039133613231
74.7	3.0804432077101187
74.75	3.080495079287927
74.8	3.0805469508657355
74.85000000000001	3.0805988224435437
74.9	3.0806506940213523
74.95	3.0807025655991604
75.0	3.080754437176969
75.05	3.0808063087547772
75.10000000000001	3.080858180332586
75.15	3.080910051910394
75.2	3.0809619234882026
75.25	3.081013795066011
75.3	3.0810656666438194
75.35000000000001	3.0811175382216276
75.4	3.081169409799436
75.45	3.0812212813772444
75.5	3.081273152955053
75.55	3.081325024532861
75.60000000000001	3.08137689611067
75.65	3.0814298071559163
75.7	3.081486445946458
75.75	3.081543084737
75.8	3.081599723527542
75.85000000000001	3.0816563623180837
75.9	3.081713001108626
75.95	3.081769639899168
76.0	3.08182627868971
76.05	3.0818829174802516
76.10000000000001	3.0819395562707936
76.15	3.0819961950613357
76.2	3.0820528338518773
76.25	3.0821094726424194
76.3	3.0821661114329615
76.35000000000001	3.082222750223503
76.4	3.082279389014045
76.45	3.0823360278045873
76.5	3.0823926665951293
76.55	3.082449305385671
76.60000000000001	3.082505944176213
76.65	3.082562582966755
76.7	3.0826192217572967
76.75	3.082675860547839
76.80000000000001	3.082732499338381
76.85000000000001	3.0827891381289225
76.9	3.0828457769194646
76.95	3.0829024157100067
77.0	3.0829590545005483
77.05000000000001	3.0830156932910904
77.10000000000001	3.0830723320816324
77.15	3.0831289708721745
77.2	3.083185609662716
77.25	3.0832422484532582
77.30000000000001	3.0832988872438003
77.35000000000001	3.083355526034342
77.4	3.083412164824884
77.45	3.083468803615426
77.5	3.0835254424059677
77.55000000000001	3.08358208119651
77.60000000000001	3.083638719987052
77.65	3.0836953587775935
77.7	3.0837519975681356
77.75	3.0838086363586776
77.80000000000001	3.0838652751492197
77.85000000000001	3.0839219139397613
77.9	3.0839785527303034
77.95	3.0840351915208455
78.0	3.084091830311387
78.05000000000001	3.084148469101929
78.10000000000001	3.0842051078924713
78.15	3.084261746683013
78.2	3.084318385473555
78.25	3.084375024264097
78.30000000000001	3.084431663054639
78.35000000000001	3.0844883018451807
78.4	3.084544940635723
78.45	3.084601579426265
78.5	3.0846582182168065
78.55000000000001	3.0847148570073486
78.60000000000001	3.0847714957978907
78.65	3.0848281345884323
78.7	3.0848847733789744
78.75	3.0849414121695165
78.80000000000001	3.084998050960058
78.85000000000001	3.0850546897506
78.9	3.0851113285411422
78.95	3.0851679673316843
79.0	3.085224606122226
79.05000000000001	3.085281244912768
79.10000000000001	3.08533788370331
79.15	3.0853945224938517
79.2	3.085451161284394
79.25	3.085507800074936
79.30000000000001	3.0855644388654775
79.35000000000001	3.0856210776560196
79.4	3.0856777164465616
79.45	3.0857343552371033
79.5	3.0857909940276453
79.55000000000001	3.0858476328181874
79.60000000000001	3.0859042716087295
79.65	3.085960910399271
79.7	3.086017549189813
79.75	3.0860741879803553
79.80000000000001	3.086130826770897
79.85000000000001	3.086187465561439
79.9	3.086244104351981
79.95	3.0863007431425227
80.0	3.0863573819330647
80.05000000000001	3.086414020723607
80.10000000000001	3.086470659514149
80.15	3.0865272983046905
80.2	3.0865839370952326
80.25	3.0866405758857747
80.30000000000001	3.0866972146763163
80.35000000000001	3.0867538534668584
80.4	3.0868104922574005
80.45	3.086867131047942
80.5	3.086923769838484
80.55000000000001	3.0869804086290262
80.60000000000001	3.087037047419568
80.65	3.087101320469875
80.7	3.0871658302414153
80.75	3.0872303400129555
80.80000000000001	3.087294849784496
80.85000000000001	3.0873593595560362
80.9	3.0874238693275764
80.95	3.0874883790991166
81.0	3.0875528888706567
81.05000000000001	3.087617398642197
81.10000000000001	3.087681908413737
81.15	3.0877464181852776
81.2	3.0878109279568178
81.25	3.087875437728358
81.30000000000001	3.087939947499898
81.35000000000001	3.0880044572714382
81.4	3.0880689670429784
81.45	3.0881334768145186
81.5	3.0881979865860587
81.55000000000001	3.0882624963575993
81.60000000000001	3.0883270061291395
81.65	3.0883915159006796
81.7	3.0884560256722198
81.75	3.08852053544376
81.80000000000001	3.0885850452153
81.85000000000001	3.0886495549868407
81.9	3.088714064758381
81.95	3.088778574529921
82.0	3.088843084301461
82.05000000000001	3.0889075940730013
82.10000000000001	3.0889721038445415
82.15	3.0890366136160816
82.2	3.0891011233876218
82.25	3.0891656331591624
82.30000000000001	3.0892301429307025
82.35000000000001	3.0892946527022427
82.4	3.089359162473783
82.45	3.089423672245323
82.5	3.089488182016863
82.55000000000001	3.0895526917884033
82.60000000000001	3.089617201559944
82.65	3.089681711331484
82.7	3.089746221103024
82.75	3.0898107308745644
82.80000000000001	3.0898752406461045
82.85000000000001	3.0899397504176447
82.9	3.090004260189185
82.95	3.0900687699607254
83.0	3.0901332797322656
83.05000000000001	3.0901977895038057
83.10000000000001	3.090262299275346
83.15	3.090326809046886
83.2	3.090391318818426
83.25	3.0904558285899664
83.30000000000001	3.090520338361507
83.35000000000001	3.090584848133047
83.4	3.0906493579045873
83.45	3.0907138676761274
83.5	3.0907783774476676
83.55000000000001	3.0908428872192077
83.60000000000001	3.090907396990748
83.65	3.0909719067622885
83.7	3.0910364165338287
83.75	3.091100926305369
83.80000000000001	3.091165436076909
83.85000000000001	3.091229945848449
83.9	3.0912944556199893
83.95	3.0913589653915294
84.0	3.0914234751630696
84.05000000000001	3.09148798493461
84.10000000000001	3.0915524947061503
84.15	3.0916170044776905
84.2	3.0916815142492307
84.25	3.091746024020771
84.30000000000001	3.091810533792311
84.35000000000001	3.091875043563851
84.4	3.0919395533353917
84.45	3.092004063106932
84.5	3.092068572878472
84.55000000000001	3.092133082650012
84.60000000000001	3.0921975924215523
84.65	3.0922621021930925
84.7	3.0923266119646327
84.75	3.0923911217361733
84.80000000000001	3.0924556315077134
84.85000000000001	3.0925201412792536
84.9	3.0925846510507937
84.95	3.092649160822334
85.0	3.09266516700625
85.05000000000001	3.09266516700625
85.10000000000001	3.09266516700625
85.15	3.09266516700625
85.2	3.09266516700625
85.25	3.09266516700625
85.30000000000001	3.09266516700625
85.35000000000001	3.09266516700625
85.4	3.09266516700625
85.45	3.09266516700625
85.5	3.09266516700625
85.55000000000001	3.09266516700625
85.60000000000001	3.09266516700625
85.65	3.09266516700625
85.7	3.09266516700625
85.75	3.09266516700625
85.80000000000001	3.09266516700625
85.85000000000001	3.09266516700625
85.9	3.09266516700625
85.95	3.09266516700625
86.0	3.09266516700625
86.05000000000001	3.09266516700625
86.10000000000001	3.09266516700625
86.15	3.09266516700625
86.2	3.09266516700625
86.25	3.09266516700625
86.30000000000001	3.09266516700625
86.35000000000001	3.09266516700625
86.4	3.09266516700625
86.45	3.09266516700625
86.5	3.09266516700625
86.55000000000001	3.09266516700625
86.60000000000001	3.09266516700625
86.65	3.09266516700625
86.7	3.09266516700625
86.75	3.09266516700625
86.80000000000001	3.09266516700625
86.85000000000001	3.09266516700625
86.9	3.09266516700625
86.95	3.09266516700625
87.0	3.09266516700625
87.05000000000001	3.09266516700625
87.10000000000001	3.09266516700625
87.15	3.09266516700625
87.2	3.09266516700625
87.25	3.09266516700625
87.30000000000001	3.09266516700625
87.35000000000001	3.09266516700625
87.4	3.09266516700625
87.45	3.09266516700625
87.5	3.09266516700625
87.55000000000001	3.09266516700625
87.60000000000001	3.09266516700625
87.65	3.09266516700625
87.7	3.09266516700625
87.75	3.09266516700625
87.80000000000001	3.09266516700625
87.85000000000001	3.09266516700625
87.9	3.09266516700625
87.95	3.09266516700625
88.0	3.09266516700625
88.05000000000001	3.09266516700625
88.10000000000001	3.09266516700625
88.15	3.09266516700625
88.2	3.09266516700625
88.25	3.09266516700625
88.30000000000001	3.09266516700625
88.35000000000001	3.09266516700625
88.4	3.09266516700625
88.45	3.09266516700625
88.5	3.09266516700625
88.55000000000001	3.09266516700625
88.60000000000001	3.09266516700625
88.65	3.09266516700625
88.7	3.09266516700625
88.75	3.09266516700625
88.80000000000001	3.09266516700625
88.85000000000001	3.09266516700625
88.9	3.09266516700625
88.95	3.09266516700625
89.0	3.09266516700625
89.05000000000001	3.09266516700625
89.10000000000001	3.09266516700625
89.15	3.09266516700625
89.2	3.09266516700625
89.25	3.09266516700625
89.30000000000001	3.09266516700625
89.35000000000001	3.09266516700625
89.4	3.09266516700625
89.45	3.09266516700625
89.5	3.09266516700625
89.55000000000001	3.09266516700625
89.60000000000001	3.09266516700625
89.65	3.09266516700625
89.7	3.09266516700625
89.75	3.09266516700625
89.80000000000001	3.09266516700625
89.85000000000001	3.09266516700625
89.9	3.09266516700625
89.95	3.09266516700625
90.0	3.09266516700625
90.05000000000001	3.09266516700625
90.10000000000001	3.09266516700625
90.15	3.09266516700625
90.2	3.09266516700625
90.25	3.09266516700625
90.30000000000001	3.09266516700625
90.35000000000001	3.09266516700625
90.4	3.09266516700625
90.45	3.09266516700625
90.5	3.09266516700625
90.55000000000001	3.09266516700625
90.60000000000001	3.09266516700625
90.65	3.09266516700625
90.7	3.09266516700625
90.75	3.09266516700625
90.80000000000001	3.09266516700625
90.85000000000001	3.09266516700625
90.9	3.09266516700625
90.95	3.09266516700625
91.0	3.09266516700625
91.05000000000001	3.09266516700625
91.10000000000001	3.09266516700625
91.15	3.09266516700625
91.2	3.09266516700625
91.25	3.09266516700625
91.30000000000001	3.09266516700625
91.35000000000001	3.09266516700625
91.4	3.09266516700625
91.45	3.09266516700625
91.5	3.09266516700625
91.55000000000001	3.09266516700625
91.60000000000001	3.09266516700625
91.65	3.09266516700625
91.7	3.09266516700625
91.75	3.09266516700625
91.80000000000001	3.09266516700625
91.85000000000001	3.09266516700625
91.9	3.09266516700625
91.95	3.09266516700625
92.0	3.09266516700625
92.05000000000001	3.09266516700625
92.10000000000001	3.09266516700625
92.15	3.09266516700625
92.2	3.09266516700625
92.25	3.09266516700625
92.30000000000001	3.09266516700625
92.35000000000001	3.09266516700625
92.4	3.09266516700625
92.45	3.09266516700625
92.5	3.09266516700625
92.55000000000001	3.09266516700625
92.60000000000001	3.09266516700625
92.65	3.09266516700625
92.7	3.09266516700625
92.75	3.09266516700625
92.80000000000001	3.09266516700625
92.85000000000001	3.09266516700625
92.9	3.09266516700625
92.95	3.09266516700625
93.0	3.09266516700625
93.05000000000001	3.09266516700625
93.10000000000001	3.09266516700625
93.15	3.09266516700625
93.2	3.09266516700625
93.25	3.09266516700625
93.30000000000001	3.09266516700625
93.35000000000001	3.09266516700625
93.4	3.09266516700625
93.45	3.09266516700625
93.5	3.09266516700625
93.55000000000001	3.09266516700625
93.60000000000001	3.09266516700625
93.65	3.09266516700625
93.7	3.09266516700625
93.75	3.09266516700625
93.80000000000001	3.09266516700625
93.85000000000001	3.09266516700625
93.9	3.09266516700625
93.95	3.09266516700625
94.0	3.09266516700625
94.05000000000001	3.09266516700625
94.10000000000001	3.09266516700625
94.15	3.09266516700625
94.2	3.09266516700625
94.25	3.09266516700625
94.30000000000001	3.09266516700625
94.35000000000001	3.09266516700625
94.4	3.09266516700625
94.45	3.09266516700625
94.5	3.09266516700625
94.55000000000001	3.09266516700625
94.60000000000001	3.09266516700625
94.65	3.09266516700625
94.7	3.09266516700625
94.75	3.09266516700625
94.80000000000001	3.09266516700625
94.85000000000001	3.09266516700625
94.9	3.09266516700625
94.95	3.09266516700625
95.0	3.09266516700625
95.05000000000001	3.09266516700625
95.10000000000001	3.09266516700625
95.15	3.09266516700625
95.2	3.09266516700625
95.25	3.09266516700625
95.30000000000001	3.09266516700625
95.35000000000001	3.09266516700625
95.4	3.09266516700625
95.45	3.09266516700625
95.5	3.09266516700625
95.55000000000001	3.09266516700625
95.60000000000001	3.09266516700625
95.65	3.09266516700625
95.7	3.09266516700625
95.75	3.09266516700625
95.80000000000001	3.09266516700625
95.85000000000001	3.09266516700625
95.9	3.09266516700625
95.95	3.09266516700625
96.0	3.09266516700625
96.05000000000001	3.09266516700625
96.10000000000001	3.09266516700625
96.15	3.09266516700625
96.2	3.09266516700625
96.25	3.09266516700625
96.30000000000001	3.09266516700625
96.35000000000001	3.09266516700625
96.4	3.09266516700625
96.45	3.09266516700625
96.5	3.09266516700625
96.55000000000001	3.09266516700625
96.60000000000001	3.09266516700625
96.65	3.09266516700625
96.7	3.09266516700625
96.75	3.09266516700625
96.80000000000001	3.09266516700625
96.85000000000001	3.09266516700625
96.9	3.09266516700625
96.95	3.09266516700625
97.0	3.09266516700625
97.05000000000001	3.09266516700625
97.10000000000001	3.09266516700625
97.15	3.09266516700625
97.2	3.09266516700625
97.25	3.09266516700625
97.30000000000001	3.09266516700625
97.35000000000001	3.09266516700625
97.4	3.09266516700625
97.45	3.09266516700625
97.5	3.09266516700625
97.55000000000001	3.09266516700625
97.60000000000001	3.09266516700625
97.65	3.09266516700625
97.7	3.09266516700625
97.75	3.09266516700625
97.80000000000001	3.09266516700625
97.85000000000001	3.09266516700625
97.9	3.09266516700625
97.95	3.09266516700625
98.0	3.09266516700625
98.05000000000001	3.09266516700625
98.10000000000001	3.09266516700625
98.15	3.09266516700625
98.2	3.09266516700625
98.25	3.09266516700625
98.30000000000001	3.09266516700625
98.35000000000001	3.09266516700625
98.4	3.09266516700625
98.45	3.09266516700625
98.5	3.09266516700625
98.55000000000001	3.09266516700625
98.60000000000001	3.09266516700625
98.65	3.09266516700625
98.7	3.09266516700625
98.75	3.09266516700625
98.80000000000001	3.09266516700625
98.85000000000001	3.09266516700625
98.9	3.09266516700625
98.95	3.09266516700625
99.0	3.09266516700625
99.05000000000001	3.09266516700625
99.10000000000001	3.09266516700625
99.15	3.09266516700625
99.2	3.09266516700625
99.25	3.09266516700625
99.30000000000001	3.09266516700625
99.35000000000001	3.09266516700625
99.4	3.09266516700625
99.45	3.09266516700625
99.5	3.09266516700625
99.55000000000001	3.09266516700625
99.60000000000001	3.09266516700625
99.65	3.09266516700625
99.7	3.09266516700625
99.75	3.09266516700625
99.80000000000001	3.09266516700625
99.85000000000001	3.09266516700625
99.9	3.09266516700625
99.95	3.09266516700625