0.0	1.3501857358825469
0.05	1.351036073220708
0.1	1.3518858756960834
0.15000000000000002	1.3527351443166924
0.2	1.3535838800873918
0.25	1.3544320840098905
0.30000000000000004	1.3552797570827622
0.35000000000000003	1.3561683566450977
0.4	1.3570570068504848
0.45	1.3579450755161373
0.5	1.3588325637822563
0.55	1.3597194727853208
0.6000000000000001	1.3606058036581066
0.65	1.3614915575297017
0.7000000000000001	1.3623767355255245
0.75	1.3632613387673387
0.8	1.364065270939899
0.8500000000000001	1.3648656025225234
0.9	1.3656654650806697
0.9500000000000001	1.3664648594379705
1.0	1.3672637864156512
1.05	1.3680622468325385
1.1	1.3688602415050724
1.1500000000000001	1.3696577712473126
1.2000000000000002	1.3704548368709515
1.25	1.371251439185322
1.3	1.3720475789974076
1.35	1.3728432571118518
1.4000000000000001	1.3736436766510003
1.4500000000000002	1.3744440074259656
1.5	1.3752438724440903
1.55	1.3760432725175786
1.6	1.3768422084562766
1.6500000000000001	1.377640681067682
1.7000000000000002	1.378438691156954
1.75	1.3792362395269224
1.8	1.3800333269780973
1.85	1.380829954308678
1.9000000000000001	1.381626122314563
1.9500000000000002	1.3824218317893584
2.0	1.3831013455088117
2.0500000000000003	1.3837679928368787
2.1	1.384434319153972
2.15	1.3851003249233758
2.2	1.3857660106072598
2.25	1.3864313766666847
2.3000000000000003	1.3870964235616055
2.35	1.3877611517508752
2.4000000000000004	1.3884255616922478
2.45	1.3890896538423834
2.5	1.3897534286568503
2.5500000000000003	1.3904168865901299
2.6	1.390966778084299
2.6500000000000004	1.391499861072918
2.7	1.39203273991587
2.75	1.3925654148475104
2.8000000000000003	1.3930978861017458
2.85	1.3936301539120368
2.9000000000000004	1.3941622185113975
2.95	1.3946940801323982
3.0	1.3952257390071652
3.0500000000000003	1.3957571953673837
3.1	1.396288449444297
3.1500000000000004	1.3968195014687093
3.2	1.397352404621713
3.25	1.3978854894020991
3.3000000000000003	1.3984183709676477
3.35	1.398951049550581
3.4000000000000004	1.3994835253826803
3.45	1.4000157986952853
3.5	1.4005478697192968
3.5500000000000003	1.4010797386851768
3.6	1.4016114058229499
3.6500000000000004	1.402142871362205
3.7	1.4026741355320955
3.75	1.4032051985613418
3.8000000000000003	1.4041709290654842
3.85	1.405236571501257
3.9000000000000004	1.4063014064334112
3.95	1.4073654356948564
4.0	1.408428661111579
4.05	1.409491084502679
4.1000000000000005	1.4101316759868623
4.15	1.4106647612720171
4.2	1.4111976451821895
4.25	1.4117303279454176
4.3	1.4122628097893097
4.3500000000000005	1.4127950909410452
4.4	1.4133271716273752
4.45	1.4138590520746246
4.5	1.4143907325086924
4.55	1.4149222131550538
4.6000000000000005	1.41545349423876
4.65	1.4159845759844403
4.7	1.4165173029720848
4.75	1.4170503900142566
4.800000000000001	1.4175832765872365
4.8500000000000005	1.4181159629170152
4.9	1.4186484492291604
4.95	1.4191807357488158
5.0	1.4197128227007032
5.050000000000001	1.4202447103091236
5.1000000000000005	1.4207763987979583
5.15	1.4213078883906691
5.2	1.4218391793103013
5.25	1.4223702717794828
5.300000000000001	1.4229029300960632
5.3500000000000005	1.4234360188794362
5.4	1.4239689080912952
5.45	1.424501597955612
5.5	1.4250340886959403
5.550000000000001	1.4255663805354157
5.6000000000000005	1.4260984736967577
5.65	1.4266303684022708
5.7	1.4271620648738443
5.75	1.4276935633329555
5.800000000000001	1.4282248640006687
5.8500000000000005	1.4287559670976375
5.9	1.4296653486906787
5.95	1.430731050294167
6.0	1.4317959586843583
6.050000000000001	1.4328600756298122
6.1000000000000005	1.433923402892526
6.15	1.434985942227969
6.2	1.4356822026431635
6.25	1.4362152918862685
6.300000000000001	1.4367481833326234
6.3500000000000005	1.4372808772022354
6.4	1.4378133737147047
6.45	1.4383456730892246
6.5	1.4388777755445834
6.550000000000001	1.4394096812991644
6.6000000000000005	1.4399413905709482
6.65	1.4404729035775123
6.7	1.441004220536034
6.75	1.4415353416632894
6.800000000000001	1.441926591237473
6.8500000000000005	1.442246323627466
6.9	1.442565985151516
6.95	1.442885575856723
7.0	1.443205095790134
7.050000000000001	1.4435245449987444
7.1000000000000005	1.443843923529498
7.15	1.4441632314292858
7.2	1.444482468744948
7.25	1.4448016355232722
7.300000000000001	1.4451207318109949
7.3500000000000005	1.4454397576548004
7.4	1.445758713101322
7.45	1.4460775981971414
7.5	1.446396412988789
7.550000000000001	1.4469599436792187
7.6000000000000005	1.4476706391663514
7.65	1.4483809859275483
7.7	1.4490909844756477
7.75	1.4498006353222315
7.800000000000001	1.450509938977631
7.8500000000000005	1.4512188959509298
7.9	1.4519275067499686
7.95	1.4526357718813498
8.0	1.453319067260337
8.05	1.453985735173145
8.1	1.4546520975516883
8.15	1.4553181548156615
8.200000000000001	1.4559839073837995
8.25	1.4566493556738807
8.3	1.4573145001027288
8.35	1.4579793410862179
8.4	1.4586438790392728
8.450000000000001	1.459308114375875
8.5	1.4599720475090634
8.55	1.4606356788509385
8.6	1.461072198212509
8.65	1.4613385069419116
8.700000000000001	1.4616047671490737
8.75	1.4618709788605084
8.8	1.4621371421027043
8.85	1.4624032569021264
8.9	1.462669323285215
8.950000000000001	1.4629353412783874
9.0	1.4632013109080357
9.05	1.463467232200529
9.1	1.463733105182212
9.15	1.463998929879405
9.200000000000001	1.4644095096587375
9.25	1.4649426093887281
9.3	1.4654755151916965
9.35	1.466008227279124
9.4	1.4665407458621091
9.450000000000001	1.4670730711513669
9.5	1.4676052033572295
9.55	1.468137142689649
9.600000000000001	1.4686688893581967
9.65	1.4692004435720645
9.700000000000001	1.469731805540066
9.75	1.470262975470638
9.8	1.4707268720395816
9.850000000000001	1.471126517633653
9.9	1.4715260546896565
9.950000000000001	1.471925483295976
10.0	1.4723248035408762
10.05	1.4727240155125014
10.100000000000001	1.473123119298877
10.15	1.473522114987909
10.200000000000001	1.4739210026673841
10.25	1.4743197824249712
10.3	1.4747184543482192
10.350000000000001	1.4751170185245603
10.4	1.4756658732964472
10.450000000000001	1.476376594702951
10.5	1.4770869741357808
10.55	1.477797012088099
10.600000000000001	1.4785067090518826
10.65	1.4792160655179296
10.700000000000001	1.4799250819758611
10.75	1.4806337589141263
10.8	1.4813420968200053
10.850000000000001	1.4818231443060506
10.9	1.4820362002588476
10.950000000000001	1.4822492255873492
11.0	1.4824622203047568
11.05	1.4826751844242632
11.100000000000001	1.482888117959051
11.15	1.4831010209222937
11.200000000000001	1.483313893327155
11.25	1.4835267351867898
11.3	1.4837395465143433
11.350000000000001	1.483952327322951
11.4	1.484165077625739
11.450000000000001	1.484377797435824
11.5	1.4845904867663142
11.55	1.484803145630307
11.600000000000001	1.4850608962315126
11.65	1.4853806321145555
11.700000000000001	1.4857002991876018
11.75	1.486019897495058
11.8	1.4863394270812826
11.850000000000001	1.4866588879905869
11.9	1.4869782802672342
11.950000000000001	1.4872976039554404
12.0	1.4876168590993741
12.05	1.4879360457431563
12.100000000000001	1.4882551639308608
12.15	1.4885742137065139
12.200000000000001	1.4888931951140951
12.25	1.4892121081975367
12.3	1.489530953000724
12.350000000000001	1.489931977521083
12.4	1.4904650908532244
12.450000000000001	1.490998013568206
12.5	1.49153074587035
12.55	1.492063287963613
12.600000000000001	1.4925956400515894
12.65	1.493127802337509
12.700000000000001	1.4936597750242406
12.75	1.4941915583142915
12.8	1.4947231524098088
12.850000000000001	1.4952545575125804
12.9	1.4957857738240354
12.950000000000001	1.4963175055059015
13.0	1.4968503359385557
13.05	1.4973829767682447
13.100000000000001	1.4979154281972304
13.15	1.4984476904274155
13.200000000000001	1.4989797636603432
13.25	1.4995116480972002
13.3	1.5000433439388159
13.350000000000001	1.500574851385664
13.4	1.5010185308542452
13.450000000000001	1.501284844569576
13.5	1.5015511110517534
13.55	1.5018173303259001
13.600000000000001	1.502083502417117
13.65	1.5023496273504822
13.700000000000001	1.5026157051510516
13.75	1.502881735843859
13.8	1.5031477194539165
13.850000000000001	1.5034136560062137
13.9	1.5036795455257177
13.950000000000001	1.503945388037374
14.0	1.5042274251831589
14.05	1.5045471634625085
14.100000000000001	1.5048668338072324
14.15	1.5051864362606144
14.200000000000001	1.5055059708658922
14.25	1.5058254376662579
14.3	1.5061448367048573
14.350000000000001	1.506464168024791
14.4	1.5067834316691133
14.450000000000001	1.507102627680834
14.5	1.5074217561029157
14.55	1.507740816978277
14.600000000000001	1.5080598103497906
14.65	1.5083787362602838
14.700000000000001	1.5086975947525385
14.75	1.5090166532023674
14.8	1.5093363925805958
14.850000000000001	1.5096560642392485
14.9	1.509975668221336
14.950000000000001	1.5102952045698226
15.0	1.5106146733276273
15.05	1.510934074537624
15.100000000000001	1.511253408242641
15.15	1.5115726744854614
15.200000000000001	1.5118918733088231
15.25	1.5122110047554194
15.3	1.5125300688678975
15.350000000000001	1.5128490656888607
15.4	1.5131679952608668
15.450000000000001	1.513486857626429
15.5	1.5138139379157545
15.55	1.5141693865297816
15.600000000000001	1.5145247517224494
15.65	1.5148800335524653
15.700000000000001	1.5152352320784686
15.75	1.5155903473590289
15.8	1.5159453794526483
15.850000000000001	1.5163003284177594
15.9	1.5166551943127273
15.950000000000001	1.5170099771958483
16.0	1.5173646771253508
16.05	1.5177192941593949
16.1	1.5180738283560729
16.150000000000002	1.5184282797734092
16.2	1.518782648469361
16.25	1.5191369345018173
16.3	1.5194911379285994
16.35	1.519845258807462
16.400000000000002	1.5201834789550033
16.45	1.5204497965979962
16.5	1.5207160676017204
16.55	1.5209822919906701
16.6	1.5212484697893187
16.650000000000002	1.5215146010221183
16.7	1.521780685713499
16.75	1.5220467238878705
16.8	1.5223127155696201
16.85	1.5225786607831149
16.900000000000002	1.5228445595526994
16.95	1.5231104119026981
17.0	1.523396359017685
17.05	1.5237960236730452
17.1	1.5241955835309418
17.150000000000002	1.5245950386737694
17.2	1.5249943891838151
17.25	1.5253936351432575
17.3	1.5257927766341686
17.35	1.5261918137385124
17.400000000000002	1.5265907465381463
17.45	1.5269895751148201
17.5	1.5273882995501777
17.55	1.5277869199257559
17.6	1.5281631332695111
17.650000000000002	1.5283761931826128
17.7	1.5285892233987066
17.75	1.5288022239302068
17.8	1.5290151947895194
17.85	1.5292281359890414
17.900000000000002	1.529441047541161
17.95	1.5296539294582578
18.0	1.5298667817527039
18.05	1.530079604436861
18.1	1.5302923975230833
18.150000000000002	1.5305051610237166
18.2	1.5307178949510971
18.25	1.5309305993175535
18.3	1.5311432741354054
18.35	1.5313736156884323
18.400000000000002	1.5318001471215201
18.45	1.5322265598195195
18.5	1.5326528538815332
18.55	1.5330790294065262
18.6	1.5335050864933266
18.650000000000002	1.5339310252406246
18.7	1.5343568457469736
18.75	1.5347825481107906
18.8	1.5352081324303553
18.85	1.5356335988038123
18.900000000000002	1.5360589473291697
18.95	1.5364841781042997
19.0	1.5369092912269398
19.05	1.5373342867946913
19.1	1.5377503044199374
19.150000000000002	1.5379787013350703
19.200000000000003	1.538207064337246
19.25	1.5384353934415664
19.3	1.5386636886631226
19.35	1.538891950016994
19.400000000000002	1.5391201775182486
19.450000000000003	1.5393483711819442
19.5	1.5395765310231264
19.55	1.5398046570568302
19.6	1.5400327492980799
19.650000000000002	1.5402608077618873
19.700000000000003	1.5404888324632544
19.75	1.5407168234171715
19.8	1.540944780638618
19.85	1.5411727041425625
19.900000000000002	1.5414005939439617
19.950000000000003	1.5416284500577617
20.0	1.541856272498898
20.05	1.5420840612822946
20.1	1.5423118164228642
20.150000000000002	1.5425395379355091
20.200000000000003	1.5428062549040902
20.25	1.5430732213910943
20.3	1.543340141698321
20.35	1.5436070158497266
20.400000000000002	1.5438738438692465
20.450000000000003	1.5441406257807955
20.5	1.5444073616082679
20.55	1.544674051375537
20.6	1.5449406951064562
20.650000000000002	1.5452072928248572
20.700000000000003	1.5454738445545524
20.75	1.5457403503193325
20.8	1.5460068101429687
20.85	1.5462732240492112
20.900000000000002	1.5465395920617895
20.950000000000003	1.5468059142044133
21.0	1.5470721905007714
21.05	1.5473384209745324
21.1	1.5476046056493447
21.150000000000002	1.5478707445488362
21.200000000000003	1.548136837696614
21.25	1.5484028851162661
21.3	1.5486688868313592
21.35	1.5489348428654401
21.400000000000002	1.5492007532420355
21.450000000000003	1.5494666179846517
21.5	1.549732437116775
21.55	1.5499982106618715
21.6	1.5502639386433872
21.650000000000002	1.550529621084748
21.700000000000003	1.5507952580093598
21.75	1.5510608494406082
21.8	1.5513263954018592
21.85	1.5515918959164583
21.900000000000002	1.5518573510077318
21.950000000000003	1.552122760698985
22.0	1.552388125013504
22.05	1.5526534439745552
22.1	1.5529187176053845
22.150000000000002	1.553183945929218
22.200000000000003	1.5534491289692625
22.25	1.5537142667487047
22.3	1.5540024625595363
22.35	1.5542935412203978
22.400000000000002	1.5545845653800199
22.450000000000003	1.5548755350690058
22.5	1.5551664503179292
22.55	1.555457311157336
22.6	1.555748117617743
22.650000000000002	1.556038869729639
22.700000000000003	1.5563295675234838
22.75	1.556620211029709
22.8	1.5569108002787175
22.85	1.5572013353008844
22.900000000000002	1.5574918161265565
22.950000000000003	1.5577822427860515
23.0	1.5580726153096596
23.05	1.5583629337276421
23.1	1.558653198070233
23.150000000000002	1.5589434083676375
23.200000000000003	1.5592335646500326
23.25	1.559523666947568
23.3	1.5598137152903644
23.35	1.5601037097085155
23.400000000000002	1.5603936502320859
23.450000000000003	1.5606835368911132
23.5	1.5609733697156065
23.55	1.561263148735548
23.6	1.5615528739808904
23.650000000000002	1.5618425454815603
23.700000000000003	1.5621321632674559
23.75	1.5624217273684473
23.8	1.5627112378143777
23.85	1.5630006946350619
23.900000000000002	1.5632900978602873
23.950000000000003	1.5635026545151098
24.0	1.563696524261154
24.05	1.5638903699738782
24.1	1.5640841916622177
24.150000000000002	1.5642779893351029
24.200000000000003	1.5644717630014584
24.25	1.5646655126702036
24.3	1.5648592383502518
24.35	1.5650529400505113
24.400000000000002	1.565246617779885
24.450000000000003	1.5654402715472693
24.5	1.5656339013615563
24.55	1.5658275072316319
24.6	1.566021089166377
24.650000000000002	1.5662146471746665
24.700000000000003	1.56640818126537
24.75	1.566601691447352
24.8	1.5667951777294706
24.85	1.5669886401205793
24.900000000000002	1.567182078629526
24.950000000000003	1.567375493265153
25.0	1.5675688840362967
25.05	1.5677622509517888
25.1	1.5679555940204555
25.150000000000002	1.5681489132511166
25.200000000000003	1.568342208652588
25.25	1.5685354802336788
25.3	1.5687287280031932
25.35	1.5689219519699302
25.400000000000002	1.569115152142683
25.450000000000003	1.5693083285302396
25.5	1.5695014811413825
25.55	1.569694609984889
25.6	1.5699022790679396
25.650000000000002	1.5701155331131667
25.700000000000003	1.570328758198033
25.75	1.570541954334334
25.8	1.570755121533857
25.85	1.5709682598083816
25.900000000000002	1.571181369169679
25.950000000000003	1.571394449629513
26.0	1.5716075011996387
26.05	1.571820523891804
26.1	1.5720335177177482
26.150000000000002	1.572246482689203
26.200000000000003	1.572459418817892
26.25	1.572672326115531
26.3	1.572885204593828
26.35	1.5730980542644826
26.400000000000002	1.5733108751391869
26.450000000000003	1.5735236672296247
26.5	1.5737364305474724
26.55	1.573949165104398
26.6	1.5741618709120624
26.650000000000002	1.5743745479821176
26.700000000000003	1.5745871963262084
26.75	1.5747998159559717
26.8	1.5750124068830362
26.85	1.5752249691190232
26.900000000000002	1.5754375026755456
26.950000000000003	1.5756500075642093
27.0	1.5758624837966113
27.05	1.576074931384342
27.1	1.5764570697610862
27.150000000000002	1.5769318389755604
27.200000000000003	1.5774064652935766
27.25	1.5778809488440846
27.3	1.57835528975584
27.35	1.5788294881574052
27.400000000000002	1.57930354417715
27.450000000000003	1.5797774579432506
27.5	1.5802512295836926
27.55	1.580724859226268
27.6	1.5811983469985786
27.650000000000002	1.581671693028035
27.700000000000003	1.5821448974418566
27.75	1.5826179603670736
27.8	1.5830908819305254
27.85	1.5835636622588627
27.900000000000002	1.5840363014785468
27.950000000000003	1.584508799715851
28.0	1.5849811570968593
28.05	1.585453373747469
28.1	1.5859254497933895
28.150000000000002	1.5863973853601427
28.200000000000003	1.5868691805730648
28.25	1.5873408355573049
28.3	1.5878123504378265
28.35	1.588283725339408
28.400000000000002	1.5887549603866422
28.450000000000003	1.5891076762442742
28.5	1.5893742332423901
28.55	1.5896407455432167
28.6	1.5899072131692316
28.650000000000002	1.5901736361428933
28.700000000000003	1.5904400144866417
28.75	1.590706348222898
28.8	1.5909726373740645
28.85	1.5912388819625245
28.900000000000002	1.591505082010643
28.950000000000003	1.5917712375407662
29.0	1.5920373485752213
29.05	1.5923034151363173
29.1	1.5925694372463441
29.150000000000002	1.5928354149275739
29.200000000000003	1.5931013482022587
29.25	1.5933672370926337
29.3	1.593633081620914
29.35	1.5938988818092978
29.400000000000002	1.5941646376799634
29.450000000000003	1.5944303492550709
29.5	1.5946960165567623
29.55	1.5949616396071613
29.6	1.5952272184283727
29.650000000000002	1.5956318786917807
29.700000000000003	1.5961654368905778
29.75	1.5966988167937985
29.8	1.5972320185800635
29.85	1.5977650424276943
29.900000000000002	1.5982978885147159
29.950000000000003	1.5988305570188566
30.0	1.599363048117548
30.05	1.5998953619879277
30.1	1.6004274988068374
30.150000000000002	1.6009594587508258
30.200000000000003	1.6014912419961482
30.25	1.6020228487187669
30.3	1.6025542790943526
30.35	1.6030855332982854
30.400000000000002	1.603616611505654
30.450000000000003	1.6041475138912578
30.5	1.604678240629607
30.55	1.6052100484600238
30.6	1.6057430758803135
30.650000000000002	1.6062759264205226
30.700000000000003	1.6068086002566224
30.75	1.6073410975642926
30.8	1.6078734185189214
30.85	1.6084055632956076
30.900000000000002	1.60893753206916
30.950000000000003	1.6094693250140981
31.0	1.6100009423046544
31.05	1.6105323841147725
31.1	1.61106365061811
31.150000000000002	1.6115168458685902
31.200000000000003	1.611872235628503
31.25	1.6122275470484324
31.3	1.6125827801801629
31.35	1.6129379350754203
31.400000000000002	1.6132930117858748
31.450000000000003	1.613648010363139
31.5	1.6140029308587684
31.55	1.614357773324263
31.6	1.614712537811065
31.650000000000002	1.6150672243705608
31.700000000000003	1.6154218330540804
31.75	1.6157763639128973
31.8	1.6161308169982282
31.85	1.616485192361235
31.900000000000002	1.616839490053022
31.950000000000003	1.6171937101246388
32.0	1.6175478526270783
32.050000000000004	1.6179735039080803
32.1	1.6185070636207208
32.15	1.6190404474971418
32.2	1.619573655711071
32.25	1.6201066884359498
32.300000000000004	1.620639545844935
32.35	1.6211722281108982
32.4	1.6217047354064276
32.45	1.622237067903828
32.5	1.6227692257751212
32.550000000000004	1.6233012091920476
32.6	1.6238330183260656
32.65	1.6243646533483538
32.7	1.6248961144298104
32.75	1.6254274017410535
32.800000000000004	1.6259585154524239
32.85	1.6264894557339826
32.9	1.6270202227555144
32.95	1.6275204184986678
33.0	1.627964853960043
33.050000000000004	1.628409168123359
33.1	1.6288533610878777
33.15	1.6292974329527257
33.2	1.629741383816895
33.25	1.630185213779242
33.300000000000004	1.6306289229384898
33.35	1.6310725113932258
33.4	1.6315159792419045
33.45	1.631959326582846
33.5	1.6324025535142372
33.550000000000004	1.6328456601341317
33.6	1.6332886465404497
33.65	1.633731512830979
33.7	1.6341742591033752
33.75	1.634616885455161
33.800000000000004	1.6350593919837277
33.85	1.63553001297141
33.9	1.6360638333420345
33.95	1.6365974795927691
34.0	1.6371309518938844
34.050000000000004	1.6376642504153736
34.1	1.6381973753269534
34.15	1.6387303267980642
34.2	1.6392631049978714
34.25	1.639795710095265
34.300000000000004	1.6403281422588607
34.35	1.6408604016570016
34.4	1.6413924884577573
34.45	1.6419244028289246
34.5	1.642456144938029
34.550000000000004	1.6429877149523255
34.6	1.6435191130387974
34.65	1.6440503393641592
34.7	1.6445813940948555
34.75	1.6451122773970628
34.800000000000004	1.6456429894366889
34.85	1.6461735303793745
34.9	1.6466744951740089
34.95	1.6470897095799852
35.0	1.6475048193410489
35.050000000000004	1.6479198245362805
35.1	1.6483347252446598
35.15	1.648749521545068
35.2	1.649164213516287
35.25	1.6495788012369994
35.300000000000004	1.6499932847857894
35.35	1.650407664241142
35.4	1.6508219396814439
35.45	1.6512361111849836
35.5	1.6516501788299511
35.550000000000004	1.6520641426944394
35.6	1.652478002856442
35.65	1.6528917593938564
35.7	1.6533054123844817
35.75	1.6537189619060197
35.800000000000004	1.6541324080360758
35.85	1.6545457508521573
35.9	1.654958990431676
35.95	1.655372126851946
36.0	1.6557851601901852
36.050000000000004	1.656198090523516
36.1	1.6566109179289634
36.15	1.6570236424834577
36.2	1.6574362642638325
36.25	1.6578141798254709
36.300000000000004	1.6580425478107637
36.35	1.6582708843464684
36.4	1.658499189445575
36.45	1.6587274631210636
36.5	1.658955705385906
36.550000000000004	1.6591839162530657
36.6	1.6594120957354956
36.65	1.6596402438461415
36.7	1.6598683605979392
36.75	1.660096446003816
36.800000000000004	1.66032450007669
36.85	1.6605525228294709
36.9	1.6607805142750593
36.95	1.6610084744263471
37.0	1.661236403296217
37.050000000000004	1.6614643008975432
37.1	1.6616921672431906
37.15	1.661920002346016
37.2	1.662147806218867
37.25	1.6623755788745822
37.300000000000004	1.6626447251601184
37.35	1.6631782916375029
37.4	1.663711686995592
37.45	1.6642449113989188
37.5	1.6647779650117527
37.550000000000004	1.6653108479980991
37.6	1.6658435605217032
37.65	1.6663761027460462
37.7	1.66690847483435
37.75	1.6674406769495742
37.800000000000004	1.6679727092544205
37.85	1.6685045719113292
37.9	1.669036265082483
37.95	1.669567788929806
38.0	1.6700991436149644
38.050000000000004	1.6706303292993678
38.1	1.671161346144169
38.15	1.6716921943102645
38.2	1.672193030438366
38.25	1.6723928547802083
38.300000000000004	1.6725926552490729
38.35	1.6727924318535137
38.400000000000006	1.67299218460208
38.45	1.6731919135033164
38.5	1.6733916185657611
38.550000000000004	1.6735912997979485
38.6	1.6737909572084069
38.650000000000006	1.6739905908056603
38.7	1.6741902005982272
38.75	1.674389786594621
38.800000000000004	1.6745893488033503
38.85	1.6747888872329186
38.900000000000006	1.6749884018918237
38.95	1.6751878927885595
39.0	1.6753873599316138
39.050000000000004	1.6755868033294699
39.1	1.6757862229906058
39.150000000000006	1.6759856189234945
39.2	1.676184991136604
39.25	1.6763843396383975
39.300000000000004	1.6765836644373326
39.35	1.6767829655418625
39.400000000000006	1.6769847591594516
39.45	1.6772676641305753
39.5	1.6775505213921247
39.550000000000004	1.677833330968229
39.6	1.678116092882997
39.650000000000006	1.6783988071605176
39.7	1.678681473824859
39.75	1.6789640929000698
39.800000000000004	1.6792466644101773
39.85	1.6795291883791896
39.900000000000006	1.6798116648310943
39.95	1.6800940937898583
40.0	1.6803764752794292
40.050000000000004	1.680658809323734
40.1	1.6809410959466795
40.150000000000006	1.6812233351721528
40.2	1.681505527024021
40.25	1.6817876715261302
40.300000000000004	1.682069768702308
40.35	1.6823518185763608
40.400000000000006	1.682633821172076
40.45	1.68291577651322
40.5	1.6831976846235404
40.550000000000004	1.6834795455267642
40.6	1.6837613592465985
40.650000000000006	1.6840431258067312
40.7	1.68432484523083
40.75	1.6846065175425422
40.800000000000004	1.6848881427654967
40.85	1.6851697209233014
40.900000000000006	1.6854512520395453
40.95	1.685732736137797
41.0	1.686014173241606
41.050000000000004	1.686295563374502
41.1	1.686576906559995
41.150000000000006	1.6868582028215755
41.2	1.6871394521827139
41.25	1.6874206546668618
41.300000000000004	1.6877018102974513
41.35	1.6879829190978937
41.400000000000006	1.6882639810915827
41.45	1.6885449963018908
41.5	1.6888259647521724
41.550000000000004	1.6891068864657612
41.6	1.689387761465973
41.650000000000006	1.6896685897761028
41.7	1.6899493714194271
41.75	1.690230106419203
41.800000000000004	1.6905107947986675
41.85	1.6907914365810397
41.900000000000006	1.691072031789518
41.95	1.6913525804472826
42.0	1.6915897246140366
42.050000000000004	1.69182213901907
42.1	1.692054521500513
42.150000000000006	1.6922868720715172
42.2	1.6925191907452242
42.25	1.6927514775347672
42.300000000000004	1.6929837324532704
42.35	1.6932159555138486
42.400000000000006	1.6934481467296083
42.45	1.693680306113646
42.5	1.6939124336790503
42.550000000000004	1.6941445294389001
42.6	1.6943765934062656
42.650000000000006	1.6946086255942079
42.7	1.6948406260157796
42.75	1.6950725946840237
42.800000000000004	1.6953045316119748
42.85	1.6955364368126584
42.900000000000006	1.6957683102990915
42.95	1.6960001520842811
43.0	1.6962319621812265
43.050000000000004	1.6964637406029175
43.1	1.6966954873623352
43.150000000000006	1.6969272024724518
43.2	1.6971588859462305
43.25	1.697390537796626
43.300000000000004	1.697622158036584
43.35	1.697853746679041
43.400000000000006	1.6980853037369255
43.45	1.6983168292231565
43.5	1.698548323150644
43.550000000000004	1.6987797855322901
43.6	1.6990112163809876
43.650000000000006	1.6992426157096203
43.7	1.6994739835310635
43.75	1.6997053198581837
43.800000000000004	1.6999366247038386
43.85	1.7001678980808774
43.900000000000006	1.70039914000214
43.95	1.7006303504804583
44.0	1.700861529528655
44.050000000000004	1.7010926771595443
44.1	1.7013237933859309
44.150000000000006	1.7015548782206125
44.2	1.7017859316763764
44.25	1.7020169537660021
44.300000000000004	1.7022479445022605
44.35	1.7024789038979131
44.400000000000006	1.7027098319657137
44.45	1.7029407287184066
44.5	1.7031715941687282
44.550000000000004	1.7034024283294058
44.6	1.703633231213158
44.650000000000006	1.703864002832695
44.7	1.7040947432007185
44.75	1.7043254523299218
44.800000000000004	1.7045561302329888
44.85	1.7047867769225953
44.900000000000006	1.7050173924114087
44.95	1.7052479767120878
45.0	1.7054785298372823
45.050000000000004	1.705709051799634
45.1	1.7059395426117763
45.150000000000006	1.7061700022863329
45.2	1.7064004308359202
45.25	1.7066308282731457
45.300000000000004	1.7068611946106083
45.35	1.7070915298608982
45.400000000000006	1.7073218340365974
45.45	1.7075514229433646
45.5	1.7077807270864944
45.550000000000004	1.7080100004450334
45.6	1.7082392430313762
45.650000000000006	1.7084684548579105
45.7	1.7086976359370145
45.75	1.7089267862810593
45.800000000000004	1.7091559059024064
45.85	1.7093849948134103
45.900000000000006	1.7096140530264161
45.95	1.7098430805537612
46.0	1.7100720774077747
46.050000000000004	1.7103010436007777
46.1	1.7105299791450823
46.150000000000006	1.7107588840529933
46.2	1.7109877583368063
46.25	1.7112166020088093
46.300000000000004	1.7114454150812823
46.35	1.7116741975664964
46.400000000000006	1.7119029494767148
46.45	1.712131670824193
46.5	1.7123603616211773
46.550000000000004	1.712589021879907
46.6	1.712817651612612
46.650000000000006	1.713046250831515
46.7	1.7132748195488299
46.75	1.7135033577767633
46.800000000000004	1.7137318655275129
46.85	1.7139603428132684
46.900000000000006	1.7141887896462111
46.95	1.7144172060385154
47.0	1.714645592002346
47.050000000000004	1.7148739475498607
47.1	1.7151022726932086
47.150000000000006	1.7153305674445307
47.2	1.7155588318159605
47.25	1.7157870658196224
47.300000000000004	1.7160152694676338
47.35	1.7162434427721036
47.400000000000006	1.7164715857451325
47.45	1.7166996983988132
47.5	1.7169277807452306
47.550000000000004	1.7171558327964616
47.6	1.7173838545645745
47.650000000000006	1.7176118460616308
47.7	1.717839807299682
47.75	1.7180677382907743
47.800000000000004	1.718295639046943
47.85	1.718523509580218
47.900000000000006	1.7187513499026192
47.95	1.7189791600261601
48.0	1.719206939962845
48.050000000000004	1.719434689724671
48.1	1.7196624093236272
48.150000000000006	1.7198900987716945
48.2	1.7201177580808462
48.25	1.7203453872630468
48.300000000000004	1.7205729863302544
48.35	1.7208005552944177
48.400000000000006	1.7210280941674785
48.45	1.72125560296137
48.5	1.7214830816880182
48.550000000000004	1.7217105303593407
48.6	1.7219379489872477
48.650000000000006	1.722165337583641
48.7	1.7223926961604148
48.75	1.7226200247294554
48.800000000000004	1.7228473233026413
48.85	1.7230745918918435
48.900000000000006	1.7233018305089243
48.95	1.7235290391657392
49.0	1.723756217874135
49.050000000000004	1.7239833666459516
49.1	1.72421048549302
49.150000000000006	1.7244375744271645
49.2	1.724664633460201
49.25	1.7248916626039377
49.300000000000004	1.725118661870175
49.35	1.7253456312707056
49.400000000000006	1.7255725708173146
49.45	1.7257994805217791
49.5	1.7260263603958688
49.550000000000004	1.726253210451345
49.6	1.7264800306999624
49.650000000000006	1.7266560196005536
49.7	1.7267848737502272
49.75	1.7269137182854124
49.800000000000004	1.7270425532082612
49.85	1.7271713785209244
49.900000000000006	1.7273001942255524
49.95	1.7274290003242947
50.0	1.7275577968192999
50.050000000000004	1.7276865837127156
50.1	1.727815361006689
50.150000000000006	1.7279441287033663
50.2	1.728072886804893
50.25	1.7282016353134138
50.300000000000004	1.7283303742310723
50.35	1.7284591035600119
50.400000000000006	1.7285878233023744
50.45	1.7287165334603014
50.5	1.7288452340359337
50.550000000000004	1.728973925031411
50.6	1.7291026064488724
50.650000000000006	1.7292312782904562
50.7	1.7293599405582996
50.75	1.7294885932545396
50.800000000000004	1.729617236381312
50.85	1.7297458699407517
50.900000000000006	1.7298744939349935
50.95	1.73000310836617
51.0	1.7301317132364145
51.050000000000004	1.730260308547859
51.1	1.7303888943026342
51.150000000000006	1.7305174705028707
51.2	1.730646037150698
51.25	1.7307745942482446
51.300000000000004	1.7309031417976388
51.35	1.7310316798010075
51.400000000000006	1.7311602082604771
51.45	1.7312887271781734
51.5	1.7314172365562208
51.550000000000004	1.7315457363967435
51.6	1.731674226701865
51.650000000000006	1.7318027074737072
51.7	1.731931178714392
51.75	1.7320596404260404
51.800000000000004	1.7321880926107722
51.85	1.732316535270707
51.900000000000006	1.7324449684079628
51.95	1.7325733920246578
52.0	1.7327018061229085
52.050000000000004	1.7328302107048312
52.1	1.7329586057725415
52.150000000000006	1.7330869913281537
52.2	1.7332153673737816
52.25	1.7333437339115383
52.300000000000004	1.733472090943536
52.35	1.733600438471886
52.400000000000006	1.7337287764986993
52.45	1.7338571050260854
52.5	1.7339854240561534
52.550000000000004	1.734113733591012
52.6	1.7342420336327684
52.650000000000006	1.7343703241835293
52.7	1.7344986052454012
52.75	1.7346268768204887
52.800000000000004	1.7347551389108966
52.85	1.7348833915187283
52.900000000000006	1.7350116346460867
52.95	1.735139868295074
53.0	1.7352680924677915
53.050000000000004	1.7353963071663394
53.1	1.7355245123928182
53.150000000000006	1.7356527081493263
53.2	1.7357808944379618
53.25	1.7359090712608227
53.300000000000004	1.7360372386200051
53.35	1.7361653965176054
53.400000000000006	1.7362935449557182
53.45	1.7364216839364381
53.5	1.7365498134618589
53.550000000000004	1.7366779335340727
53.6	1.7368060441551723
53.650000000000006	1.7369341453272484
53.7	1.7370622370523918
53.75	1.737190319332692
53.800000000000004	1.7373183921702382
53.85	1.7374464555671183
53.900000000000006	1.73757450952542
53.95	1.7377025540472295
54.0	1.737821788661283
54.050000000000004	1.737920555225928
54.1	1.7380193161779576
54.150000000000006	1.7381180715183284
54.2	1.7382168212479967
54.25	1.7383155653679188
54.300000000000004	1.7384143038790507
54.35	1.738513036782348
54.400000000000006	1.7386117640787662
54.45	1.7387104857692601
54.5	1.7388092018547847
54.550000000000004	1.7389079123362947
54.6	1.7390066172147443
54.650000000000006	1.7391053164910875
54.7	1.7392040101662778
54.75	1.7393026982412692
54.800000000000004	1.7394013807170146
54.85	1.739500057594467
54.900000000000006	1.7395987288745791
54.95	1.7396973945583032
55.0	1.7397960546465916
55.050000000000004	1.739894709140396
55.1	1.739993358040668
55.150000000000006	1.740092001348359
55.2	1.7401906390644202
55.25	1.740289271189802
55.300000000000004	1.7403878977254552
55.35	1.74048651867233
55.400000000000006	1.7405851340313763
55.45	1.7406837438035436
55.5	1.740782347989782
55.550000000000004	1.74088094659104
55.6	1.7409795396082668
55.650000000000006	1.741078127042411
55.7	1.741176708894421
55.75	1.7412752851652447
55.800000000000004	1.74137385585583
55.85	1.7414724209671248
55.900000000000006	1.7415709805000759
55.95	1.7416695344556308
56.0	1.7417680828347357
56.050000000000004	1.7418666256383373
56.1	1.741965162867382
56.150000000000006	1.7420636945228158
56.2	1.742162220605584
56.25	1.7422607411166322
56.300000000000004	1.7423592560569057
56.35	1.7424577654273492
56.400000000000006	1.7425562692289074
56.45	1.7426547674625246
56.5	1.7427532601291449
56.550000000000004	1.742851747229712
56.6	1.7429502287651697
56.650000000000006	1.7430487047364611
56.7	1.743147175144529
56.75	1.7432456399903167
56.800000000000004	1.7433440992747664
56.85	1.74344255299882
56.900000000000006	1.74354100116342
56.95	1.7436394437695077
57.0	1.7437378808180246
57.050000000000004	1.7438363123099119
57.1	1.7439347382461106
57.150000000000006	1.744033158627561
57.2	1.7441315734552036
57.25	1.7442299827299785
57.300000000000004	1.7443283864528256
57.35	1.7444267846246846
57.400000000000006	1.7445251772464945
57.45	1.7446235643191943
57.5	1.744721945843723
57.550000000000004	1.7448203218210192
57.6	1.7449186922520208
57.650000000000006	1.7450170571376658
57.7	1.745115416478892
57.75	1.7452137702766368
57.800000000000004	1.7453121185318377
57.85	1.745410461245431
57.900000000000006	1.745508798418354
57.95	1.7456071300515426
58.0	1.745705456145933
58.050000000000004	1.7457986937237437
58.1	1.7458450083255979
58.150000000000006	1.7458913216988288
58.2	1.7459376338435346
58.25	1.745983944759813
58.300000000000004	1.7460302544477613
58.35	1.7460765629074775
58.400000000000006	1.7461228701390596
58.45	1.746169176142605
58.5	1.7462154809182115
58.550000000000004	1.7462617844659767
58.6	1.7463080867859984
58.650000000000006	1.7463543878783743
58.7	1.7464006877432017
58.75	1.7464469863805785
58.800000000000004	1.7464932837906022
58.85	1.7465395799733705
58.900000000000006	1.746585874928981
58.95	1.7466321686575315
59.0	1.746678461159119
59.050000000000004	1.7467247524338414
59.1	1.7467710424817964
59.150000000000006	1.7468173313030813
59.2	1.7468636188977933
59.25	1.7469099052660306
59.300000000000004	1.74695619040789
59.35	1.7470024743234696
59.400000000000006	1.7470487570128665
59.45	1.747095038476178
59.5	1.747141318713502
59.550000000000004	1.7471875977249358
59.6	1.7472338755105765
59.650000000000006	1.7472801520705217
59.7	1.7473264274048688
59.75	1.747372701513715
59.800000000000004	1.747418974397158
59.85	1.7474652460552949
59.900000000000006	1.7475115164882231
59.95	1.7475577856960398
60.0	1.7476040536788426
60.050000000000004	1.7476503204367284
60.1	1.7476965859697948
60.150000000000006	1.747742850278139
60.2	1.747789113361858
60.25	1.7478353752210494
60.300000000000004	1.7478816358558102
60.35	1.7479278952662378
60.400000000000006	1.7479741534524291
60.45	1.7480204104144819
60.5	1.7480666661524926
60.550000000000004	1.7481129206665589
60.6	1.7481591739567777
60.650000000000006	1.7482054260232462
60.7	1.7482516768660619
60.75	1.7482979264853211
60.800000000000004	1.7483441748811217
60.85	1.7483904220535604
60.900000000000006	1.7484366680027343
60.95	1.7484829127287407
61.0	1.7485291562316763
61.050000000000004	1.7485753985116381
61.1	1.7486216395687235
61.150000000000006	1.7486678794030293
61.2	1.7487141180146526
61.25	1.7487603554036901
61.300000000000004	1.7488065915702393
61.35	1.7488528265143968
61.400000000000006	1.7488990602362595
61.45	1.7489452927359244
61.5	1.7489915240134883
61.550000000000004	1.7490155145999282
61.6	1.7490376967827526
61.650000000000006	1.749059878684255
61.7	1.7490820603044461
61.75	1.7491042416433362
61.800000000000004	1.7491264227009367
61.85	1.7491486034772574
61.900000000000006	1.7491707839723099
61.95	1.7491929641861044
62.0	1.7492151441186514
62.050000000000004	1.749237323769962
62.1	1.749259503140047
62.150000000000006	1.7492816822289168
62.2	1.749303861036582
62.25	1.7493260395630537
62.300000000000004	1.7493482178083424
62.35	1.7493703957724587
62.400000000000006	1.7493925734554132
62.45	1.7494147508572169
62.5	1.74943692797788
62.550000000000004	1.749459104817414
62.6	1.749481281375829
62.650000000000006	1.7495034576531356
62.7	1.749525633649345
62.75	1.7495478093644674
62.800000000000004	1.7495699847985138
62.85	1.7495921599514948
62.900000000000006	1.7496143348234208
62.95	1.749636509414303
63.0	1.7496586837241517
63.050000000000004	1.7496808577529777
63.1	1.7497030315007918
63.150000000000006	1.7497252049676044
63.2	1.7497473781534265
63.25	1.7497695510582687
63.300000000000004	1.7497917236821414
63.35	1.7498138960250558
63.400000000000006	1.749836068087022
63.45	1.7498582398680513
63.5	1.7498804113681536
63.550000000000004	1.7499025825873404
63.6	1.749924753525622
63.650000000000006	1.7499469241830088
63.7	1.749969094559512
63.75	1.7499912646551419
63.800000000000004	1.7500134344699094
63.85	1.750035604003825
63.900000000000006	1.7500577732568996
63.95	1.7500799422291435
64.0	1.7501021109205677
64.05	1.7501242793311829
64.10000000000001	1.7501464474609993
64.15	1.7501686153100282
64.2	1.75019078287828
64.25	1.7502129501657653
64.3	1.7502351171724946
64.35000000000001	1.7502572838984791
64.4	1.750279450343729
64.45	1.750301616508255
64.5	1.7503237823920679
64.55	1.7503459479951784
64.60000000000001	1.7503681133175972
64.65	1.7503902783593348
64.7	1.750412443120402
64.75	1.7504346076008093
64.8	1.7504567718005675
64.85000000000001	1.7504789357196873
64.9	1.750501099358179
64.95	1.7505232627160539
65.0	1.7505454257933222
65.05	1.7505675885899945
65.10000000000001	1.7505897511060815
65.15	1.7506187379964728
65.2	1.7506500681828265
65.25	1.7506813978084954
65.3	1.7507127268735097
65.35000000000001	1.7507440553778992
65.4	1.750775383321694
65.45	1.7508067107049243
65.5	1.7508380375276205
65.55	1.750869363789812
65.60000000000001	1.7509006894915295
65.65	1.750932014632803
65.7	1.7509633392136623
65.75	1.7509946632341375
65.8	1.7510259866942588
65.85000000000001	1.7510573095940565
65.9	1.7510886319335601
65.95	1.7511199537128002
66.0	1.7511512749318066
66.05	1.7511825955906095
66.10000000000001	1.7512139156892388
66.15	1.7512452352277248
66.2	1.7512765542060973
66.25	1.7513078726243863
66.3	1.751339190482622
66.35000000000001	1.7513705077808346
66.4	1.7514018245190537
66.45	1.7514331406973098
66.5	1.7514644563156327
66.55	1.7514957713740527
66.60000000000001	1.7515270858725993
66.65	1.751558399811303
66.7	1.7515897131901934
66.75	1.751621026009301
66.8	1.7516523382686555
66.85000000000001	1.751683649968287
66.9	1.7517149611082259
66.95	1.7517462716885015
67.0	1.7517775817091443
67.05	1.7518088911701841
67.10000000000001	1.751840200071651
67.15	1.751871508413575
67.2	1.751902816195986
67.25	1.7519341234189143
67.3	1.7519654300823895
67.35000000000001	1.7519967361864415
67.4	1.752028041731101
67.45	1.7520593467163972
67.5	1.7520906511423604
67.55	1.7521219550090208
67.60000000000001	1.7521532583164081
67.65	1.7521845610645523
67.7	1.7522158632534832
67.75	1.7522471648832314
67.8	1.7522784659538262
67.85000000000001	1.7523097664652978
67.9	1.7523410664176762
67.95	1.7523723658109915
68.0	1.7524036646452734
68.05	1.7524349629205518
68.10000000000001	1.752466260636857
68.15	1.7524975577942186
68.2	1.7525288543926667
68.25	1.7525601504322312
68.3	1.7525914459129421
68.35000000000001	1.7526227408348294
68.4	1.752654035197923
68.45	1.7526853290022526
68.5	1.7527166222478483
68.55	1.75274791493474
68.60000000000001	1.7527792070629578
68.65	1.7528104986325315
68.7	1.752841789643491
68.75	1.7528730800958658
68.8	1.7529043699896867
68.85000000000001	1.752935659324983
68.9	1.7529669481017847
68.95	1.7529982363201215
69.0	1.753029523980024
69.05	1.7530608110815213
69.10000000000001	1.7530920976246438
69.15	1.7531233836094213
69.2	1.7531546690358837
69.25	1.7531859539040606
69.3	1.7532172382139821
69.35000000000001	1.7532485219656784
69.4	1.7532798051591787
69.45	1.7533110877945135
69.5	1.7533423698717123
69.55	1.7533736513908051
69.60000000000001	1.7534049323518217
69.65	1.7534362127547922
69.7	1.7534674925997464
69.75	1.7534987718867139
69.8	1.7535300506157248
69.85000000000001	1.7535613287868088
69.9	1.7535926063999958
69.95	1.7536238834553157
70.0	1.7536551599527983
70.05	1.7536864358924737
70.10000000000001	1.7537177112743714
70.15	1.7537489860985214
70.2	1.7537802603649537
70.25	1.7538034773842741
70.3	1.7538182656315848
70.35000000000001	1.753833053754202
70.4	1.753847841752128
70.45	1.7538626296253665
70.5	1.7538774173739207
70.55	1.7538922049977936
70.60000000000001	1.7539069924969883
70.65	1.7539217798715083
70.7	1.7539365671213563
70.75	1.7539513542465357
70.8	1.7539661412470493
70.85000000000001	1.753980928122901
70.9	1.7539957148740932
70.95	1.7540105015006295
71.0	1.754025288002513
71.05	1.7540400743797464
71.10000000000001	1.7540548606323334
71.15	1.7540696467602772
71.2	1.7540844327635805
71.25	1.7540992186422466
71.3	1.7541140043962788
71.35000000000001	1.7541287900256803
71.4	1.754143575530454
71.45	1.754158360910603
71.5	1.754173146166131
71.55	1.7541879312970403
71.60000000000001	1.754202716303335
71.65	1.7542175011850176
71.7	1.7542322859420914
71.75	1.7542470705745596
71.8	1.7542618550824254
71.85000000000001	1.7542766394656917
71.9	1.754291423724362
71.95	1.7543062078584393
72.0	1.7543209918679266
72.05	1.7543357757528273
72.10000000000001	1.7543505595131443
72.15	1.754365343148881
72.2	1.7543801266600405
72.25	1.7543949100466256
72.3	1.75440969330864
72.35000000000001	1.7544244764460863
72.4	1.7544392594589684
72.45	1.7544540423472885
72.5	1.7544688251110505
72.55	1.754483607750257
72.60000000000001	1.7544983902649118
72.65	1.7545131726550174
72.7	1.7545279549205772
72.75	1.7545427370615945
72.8	1.7545575190780724
72.85000000000001	1.7545723009700136
72.9	1.754587082737422
72.95	1.7546018643803
73.0	1.7546166458986514
73.05	1.754631427292479
73.10000000000001	1.7546462085617858
73.15	1.7546609897065755
73.2	1.7546757707268505
73.25	1.7546905516226146
73.3	1.7547053323938706
73.35000000000001	1.7547201130406218
73.4	1.754734893562871
73.45	1.7547496739606219
73.5	1.7547644542338774
73.55	1.7547792343826405
73.60000000000001	1.7547940144069143
73.65	1.7548087943067023
73.7	1.7548235740820075
73.75	1.754838353732833
73.8	1.7548531332591817
73.85000000000001	1.7548679126610573
73.9	1.7548826919384624
73.95	1.7548974710914005
74.0	1.7549122501198746
74.05	1.7549270290238879
74.10000000000001	1.7549418078034433
74.15	1.7549565864585444
74.2	1.754971364989194
74.25	1.7549861433953955
74.3	1.7550009216771516
74.35000000000001	1.755015699834466
74.4	1.7550304778673413
74.45	1.7550452557757812
74.5	1.7550600335597883
74.55	1.755074811219366
74.60000000000001	1.7550895887545177
74.65	1.7551043661652461
74.7	1.7551191434515545
74.75	1.7551339206134462
74.8	1.7551486976509243
74.85000000000001	1.7551634745639917
74.9	1.7551782513526517
74.95	1.7551930280169075
75.0	1.7552078045567623
75.05	1.7552225809722188
75.10000000000001	1.7552373572632807
75.15	1.755252133429951
75.2	1.7552669094722326
75.25	1.7552816853901287
75.3	1.7552964611836428
75.35000000000001	1.7553112368527775
75.4	1.7553260123975365
75.45	1.7553407878179224
75.5	1.7553555631139388
75.55	1.7553703382855885
75.60000000000001	1.7553851133328748
75.65	1.7554001843328821
75.7	1.755416316987642
75.75	1.7554324494941411
75.8	1.7554485818523828
75.85000000000001	1.7554647140623716
75.9	1.7554808461241114
75.95	1.7554969780376062
76.0	1.7555131098028605
76.05	1.7555292414198778
76.10000000000001	1.7555453728886627
76.15	1.755561504209219
76.2	1.7555776353815509
76.25	1.7555937664056624
76.3	1.7556098972815577
76.35000000000001	1.7556260280092406
76.4	1.7556421585887156
76.45	1.7556582890199868
76.5	1.7556744193030578
76.55	1.755690549437933
76.60000000000001	1.7557066794246166
76.65	1.7557228092631123
76.7	1.7557389389534244
76.75	1.7557550684955572
76.80000000000001	1.7557711978895145
76.85000000000001	1.7557873271353004
76.9	1.7558034562329192
76.95	1.7558195851823748
77.0	1.755835713983671
77.05000000000001	1.7558518426368126
77.10000000000001	1.7558679711418033
77.15	1.755884099498647
77.2	1.7559002277073479
77.25	1.7559163557679103
77.30000000000001	1.755932483680338
77.35000000000001	1.755948611444635
77.4	1.755964739060806
77.45	1.7559808665288543
77.5	1.7559969938487845
77.55000000000001	1.7560131210206005
77.60000000000001	1.7560292480443063
77.65	1.756045374919906
77.7	1.756061501647404
77.75	1.756077628226804
77.80000000000001	1.7560937546581104
77.85000000000001	1.756109880941327
77.9	1.756126007076458
77.95	1.7561421330635074
78.0	1.7561582589024791
78.05000000000001	1.7561743845933777
78.10000000000001	1.756190510136207
78.15	1.7562066355309711
78.2	1.756222760777674
78.25	1.7562388858763198
78.30000000000001	1.7562550108269126
78.35000000000001	1.7562711356294565
78.4	1.7562872602839557
78.45	1.756303384790414
78.5	1.7563195091488355
78.55000000000001	1.7563356333592246
78.60000000000001	1.7563517574215852
78.65	1.7563678813359211
78.7	1.7563840051022368
78.75	1.7564001287205362
78.80000000000001	1.7564162521908233
78.85000000000001	1.7564323755131024
78.9	1.7564484986873774
78.95	1.7564646217136526
79.0	1.7564807445919315
79.05000000000001	1.7564968673222188
79.10000000000001	1.7565129899045182
79.15	1.7565291123388338
79.2	1.75654523462517
79.25	1.7565613567635308
79.30000000000001	1.7565774787539197
79.35000000000001	1.7565936005963416
79.4	1.7566097222908001
79.45	1.7566258438372993
79.5	1.7566419652358432
79.55000000000001	1.756658086486436
79.60000000000001	1.756674207589082
79.65	1.756690328543785
79.7	1.756706449350549
79.75	1.7567225700093783
79.80000000000001	1.7567386905202769
79.85000000000001	1.7567548108832487
79.9	1.756770931098298
79.95	1.7567870511654287
80.0	1.756803171084645
80.05000000000001	1.756819290855951
80.10000000000001	1.7568354104793507
80.15	1.7568515299548482
80.2	1.7568676492824473
80.25	1.7568837684621526
80.30000000000001	1.7568998874939676
80.35000000000001	1.756916006377897
80.4	1.7569321251139443
80.45	1.7569482437021138
80.5	1.7569643621424096
80.55000000000001	1.7569804804348357
80.60000000000001	1.7569965985793963
80.65	1.757014889085996
80.7	1.7570332467660978
80.75	1.7570516042543984
80.80000000000001	1.7570699615509042
80.85000000000001	1.7570883186556208
80.9	1.7571066755685543
80.95	1.7571250322897105
81.0	1.757143388819096
81.05000000000001	1.7571617451567163
81.10000000000001	1.7571801013025776
81.15	1.757198457256686
81.2	1.7572168130190473
81.25	1.7572351685896677
81.30000000000001	1.7572535239685532
81.35000000000001	1.7572718791557094
81.4	1.757290234151143
81.45	1.7573085889548592
81.5	1.7573269435668648
81.55000000000001	1.7573452979871655
81.60000000000001	1.757363652215767
81.65	1.7573820062526757
81.7	1.7574003600978976
81.75	1.7574187137514383
81.80000000000001	1.7574370672133042
81.85000000000001	1.7574554204835013
81.9	1.7574737735620356
81.95	1.7574921264489127
82.0	1.757510479144139
82.05000000000001	1.7575288316477204
82.10000000000001	1.757547183959663
82.15	1.7575655360799727
82.2	1.7575838880086554
82.25	1.7576022397457174
82.30000000000001	1.7576205912911644
82.35000000000001	1.7576389426450025
82.4	1.757657293807238
82.45	1.7576756447778763
82.5	1.7576939955569237
82.55000000000001	1.7577123461443864
82.60000000000001	1.7577306965402704
82.65	1.7577490467445813
82.7	1.7577673967573253
82.75	1.7577857465785085
82.80000000000001	1.7578040962081367
82.85000000000001	1.7578224456462161
82.9	1.7578407948927528
82.95	1.7578591439477524
83.0	1.7578774928112213
83.05000000000001	1.7578958414831654
83.10000000000001	1.7579141899635904
83.15	1.7579325382525024
83.2	1.7579508863499078
83.25	1.7579692342558122
83.30000000000001	1.7579875819702218
83.35000000000001	1.7580059294931423
83.4	1.75802427682458
83.45	1.7580426239645406
83.5	1.7580609709130306
83.55000000000001	1.7580793176700555
83.60000000000001	1.7580976642356214
83.65	1.7581160106097347
83.7	1.7581343567924008
83.75	1.758152702783626
83.80000000000001	1.758171048583416
83.85000000000001	1.7581893941917774
83.9	1.7582077396087157
83.95	1.758226084834237
84.0	1.7582444298683473
84.05000000000001	1.7582627747110526
84.10000000000001	1.758281119362359
84.15	1.7582994638222724
84.2	1.7583178080907986
84.25	1.758336152167944
84.30000000000001	1.758354496053714
84.35000000000001	1.7583728397481153
84.4	1.7583911832511534
84.45	1.7584095265628346
84.5	1.7584278696831646
84.55000000000001	1.7584462126121494
84.60000000000001	1.758464555349795
84.65	1.7584828978961076
84.7	1.7585012402510931
84.75	1.7585195824147575
84.80000000000001	1.7585379243871067
84.85000000000001	1.7585562661681466
84.9	1.7585746077578834
84.95	1.758592949156323
85.0	1.7585975
85.05000000000001	1.7585975
85.10000000000001	1.7585975
85.15	1.7585975
85.2	1.7585975
85.25	1.7585975
85.30000000000001	1.7585975
85.35000000000001	1.7585975
85.4	1.7585975
85.45	1.7585975
85.5	1.7585975
85.55000000000001	1.7585975
85.60000000000001	1.7585975
85.65	1.7585975
85.7	1.7585975
85.75	1.7585975
85.80000000000001	1.7585975
85.85000000000001	1.7585975
85.9	1.7585975
85.95	1.7585975
86.0	1.7585975
86.05000000000001	1.7585975
86.10000000000001	1.7585975
86.15	1.7585975
86.2	1.7585975
86.25	1.7585975
86.30000000000001	1.7585975
86.35000000000001	1.7585975
86.4	1.7585975
86.45	1.7585975
86.5	1.7585975
86.55000000000001	1.7585975
86.60000000000001	1.7585975
86.65	1.7585975
86.7	1.7585975
86.75	1.7585975
86.80000000000001	1.7585975
86.85000000000001	1.7585975
86.9	1.7585975
86.95	1.7585975
87.0	1.7585975
87.05000000000001	1.7585975
87.10000000000001	1.7585975
87.15	1.7585975
87.2	1.7585975
87.25	1.7585975
87.30000000000001	1.7585975
87.35000000000001	1.7585975
87.4	1.7585975
87.45	1.7585975
87.5	1.7585975
87.55000000000001	1.7585975
87.60000000000001	1.7585975
87.65	1.7585975
87.7	1.7585975
87.75	1.7585975
87.80000000000001	1.7585975
87.85000000000001	1.7585975
87.9	1.7585975
87.95	1.7585975
88.0	1.7585975
88.05000000000001	1.7585975
88.10000000000001	1.7585975
88.15	1.7585975
88.2	1.7585975
88.25	1.7585975
88.30000000000001	1.7585975
88.35000000000001	1.7585975
88.4	1.7585975
88.45	1.7585975
88.5	1.7585975
88.55000000000001	1.7585975
88.60000000000001	1.7585975
88.65	1.7585975
88.7	1.7585975
88.75	1.7585975
88.80000000000001	1.7585975
88.85000000000001	1.7585975
88.9	1.7585975
88.95	1.7585975
89.0	1.7585975
89.05000000000001	1.7585975
89.10000000000001	1.7585975
89.15	1.7585975
89.2	1.7585975
89.25	1.7585975
89.30000000000001	1.7585975
89.35000000000001	1.7585975
89.4	1.7585975
89.45	1.7585975
89.5	1.7585975
89.55000000000001	1.7585975
89.60000000000001	1.7585975
89.65	1.7585975
89.7	1.7585975
89.75	1.7585975
89.80000000000001	1.7585975
89.85000000000001	1.7585975
89.9	1.7585975
89.95	1.7585975
90.0	1.7585975
90.05000000000001	1.7585975
90.10000000000001	1.7585975
90.15	1.7585975
90.2	1.7585975
90.25	1.7585975
90.30000000000001	1.7585975
90.35000000000001	1.7585975
90.4	1.7585975
90.45	1.7585975
90.5	1.7585975
90.55000000000001	1.7585975
90.60000000000001	1.7585975
90.65	1.7585975
90.7	1.7585975
90.75	1.7585975
90.80000000000001	1.7585975
90.85000000000001	1.7585975
90.9	1.7585975
90.95	1.7585975
91.0	1.7585975
91.05000000000001	1.7585975
91.10000000000001	1.7585975
91.15	1.7585975
91.2	1.7585975
91.25	1.7585975
91.30000000000001	1.7585975
91.35000000000001	1.7585975
91.4	1.7585975
91.45	1.7585975
91.5	1.7585975
91.55000000000001	1.7585975
91.60000000000001	1.7585975
91.65	1.7585975
91.7	1.7585975
91.75	1.7585975
91.80000000000001	1.7585975
91.85000000000001	1.7585975
91.9	1.7585975
91.95	1.7585975
92.0	1.7585975
92.05000000000001	1.7585975
92.10000000000001	1.7585975
92.15	1.7585975
92.2	1.7585975
92.25	1.7585975
92.30000000000001	1.7585975
92.35000000000001	1.7585975
92.4	1.7585975
92.45	1.7585975
92.5	1.7585975
92.55000000000001	1.7585975
92.60000000000001	1.7585975
92.65	1.7585975
92.7	1.7585975
92.75	1.7585975
92.80000000000001	1.7585975
92.85000000000001	1.7585975
92.9	1.7585975
92.95	1.7585975
93.0	1.7585975
93.05000000000001	1.7585975
93.10000000000001	1.7585975
93.15	1.7585975
93.2	1.7585975
93.25	1.7585975
93.30000000000001	1.7585975
93.35000000000001	1.7585975
93.4	1.7585975
93.45	1.7585975
93.5	1.7585975
93.55000000000001	1.7585975
93.60000000000001	1.7585975
93.65	1.7585975
93.7	1.7585975
93.75	1.7585975
93.80000000000001	1.7585975
93.85000000000001	1.7585975
93.9	1.7585975
93.95	1.7585975
94.0	1.7585975
94.05000000000001	1.7585975
94.10000000000001	1.7585975
94.15	1.7585975
94.2	1.7585975
94.25	1.7585975
94.30000000000001	1.7585975
94.35000000000001	1.7585975
94.4	1.7585975
94.45	1.7585975
94.5	1.7585975
94.55000000000001	1.7585975
94.60000000000001	1.7585975
94.65	1.7585975
94.7	1.7585975
94.75	1.7585975
94.80000000000001	1.7585975
94.85000000000001	1.7585975
94.9	1.7585975
94.95	1.7585975
95.0	1.7585975
95.05000000000001	1.7585975
95.10000000000001	1.7585975
95.15	1.7585975
95.2	1.7585975
95.25	1.7585975
95.30000000000001	1.7585975
95.35000000000001	1.7585975
95.4	1.7585975
95.45	1.7585975
95.5	1.7585975
95.55000000000001	1.7585975
95.60000000000001	1.7585975
95.65	1.7585975
95.7	1.7585975
95.75	1.7585975
95.80000000000001	1.7585975
95.85000000000001	1.7585975
95.9	1.7585975
95.95	1.7585975
96.0	1.7585975
96.05000000000001	1.7585975
96.10000000000001	1.7585975
96.15	1.7585975
96.2	1.7585975
96.25	1.7585975
96.30000000000001	1.7585975
96.35000000000001	1.7585975
96.4	1.7585975
96.45	1.7585975
96.5	1.7585975
96.55000000000001	1.7585975
96.60000000000001	1.7585975
96.65	1.7585975
96.7	1.7585975
96.75	1.7585975
96.80000000000001	1.7585975
96.85000000000001	1.7585975
96.9	1.7585975
96.95	1.7585975
97.0	1.7585975
97.05000000000001	1.7585975
97.10000000000001	1.7585975
97.15	1.7585975
97.2	1.7585975
97.25	1.7585975
97.30000000000001	1.7585975
97.35000000000001	1.7585975
97.4	1.7585975
97.45	1.7585975
97.5	1.7585975
97.55000000000001	1.7585975
97.60000000000001	1.7585975
97.65	1.7585975
97.7	1.7585975
97.75	1.7585975
97.80000000000001	1.7585975
97.85000000000001	1.7585975
97.9	1.7585975
97.95	1.7585975
98.0	1.7585975
98.05000000000001	1.7585975
98.10000000000001	1.7585975
98.15	1.7585975
98.2	1.7585975
98.25	1.7585975
98.30000000000001	1.7585975
98.35000000000001	1.7585975
98.4	1.7585975
98.45	1.7585975
98.5	1.7585975
98.55000000000001	1.7585975
98.60000000000001	1.7585975
98.65	1.7585975
98.7	1.7585975
98.75	1.7585975
98.80000000000001	1.7585975
98.85000000000001	1.7585975
98.9	1.7585975
98.95	1.7585975
99.0	1.7585975
99.05000000000001	1.7585975
99.10000000000001	1.7585975
99.15	1.7585975
99.2	1.7585975
99.25	1.7585975
99.30000000000001	1.7585975
99.35000000000001	1.7585975
99.4	1.7585975
99.45	1.7585975
99.5	1.7585975
99.55000000000001	1.7585975
99.60000000000001	1.7585975
99.65	1.7585975
99.7	1.7585975
99.75	1.7585975
99.80000000000001	1.7585975
99.85000000000001	1.7585975
99.9	1.7585975
99.95	1.7585975
