0.05	1.33313
0.1	1.33313
0.15	1.33313
0.2	1.33313
0.25	1.33313
0.3	1.33313
0.35	1.33313
0.4	1.33313
0.45	1.33313
0.5	1.3356900169060104
0.55	1.3368573260960415
0.6	1.3380246352860727
0.65	1.3391919444761038
0.7	1.340359253666135
0.75	1.3415265628561661
0.8	1.3426938720461974
0.85	1.3438611812362284
0.9	1.3450284904262597
0.95	1.3461957996162908
1.0	1.3473631088063218
1.05	1.348530417996353
1.1	1.3496977271863841
1.15	1.3508650363764154
1.2	1.3518372521085025
1.25	1.3526712766412128
1.3	1.353505301173923
1.35	1.3543393257066334
1.4	1.3551733502393437
1.45	1.356007374772054
1.5	1.356841399304764
1.55	1.3576754238374744
1.6	1.3596800091178487
1.65	1.362013814608503
1.7	1.364347620099157
1.75	1.3666814255898114
1.8	1.3674935021085026
1.85	1.3680942273810883
1.9	1.368694952653674
1.95	1.3692956779262597
2.0	1.3698964031988454
2.05	1.370497128471431
2.1	1.3710978537440166
2.15	1.3716985790166023
2.2	1.372299304289188
2.25	1.3729000295617737
2.3	1.3735007548343594
2.35	1.374101480106945
2.4	1.3747022053795306
2.45	1.3753029306521163
2.5	1.375903655924702
2.55	1.3765043811972877
2.6	1.3771051064698734
2.65	1.377705831742459
2.7	1.3783065570150446
2.75	1.379114569086696
2.8	1.380281878276727
2.85	1.381449187466758
2.9	1.3826164966567893
2.95	1.3837838058468204
3.0	1.3849511150368514
3.05	1.3861184242268827
3.1	1.3872857334169137
3.15	1.388421881846301
3.2	1.3895336435934453
3.25	1.39064540534059
3.3	1.3917571670877342
3.35	1.3928689288348786
3.4	1.393980690582023
3.45	1.3950924523291672
3.5	1.3962042140763116
3.55	1.397315975823456
3.6	1.3984277375706002
3.65	1.3995394993177446
3.7	1.400651261064889
3.75	1.4016681857144215
3.8	1.4026688525757924
3.85	1.4036695194371631
3.9	1.4046701862985338
3.95	1.4056708531599045
4.0	1.4066715200212752
4.05	1.4076721868826458
4.1	1.408652531508814
4.15	1.4092365925485337
4.2	1.4098206535882534
4.25	1.410404714627973
4.3	1.4109887756676924
4.35	1.411572836707412
4.4	1.4121568977471317
4.45	1.4127409587868514
4.5	1.413325019826571
4.55	1.4139090808662906
4.6	1.4144931419060103
4.65	1.41507720294573
4.7	1.4156612639854496
4.75	1.416245325025169
4.8	1.4168293860648886
4.85	1.4174134471046083
4.9	1.4180828615321786
4.95	1.418861338622002
5.0	1.4196398157118253
5.05	1.4204182928016489
5.1	1.4211967698914723
5.15	1.4219752469812958
5.2	1.4227537240711192
5.25	1.4235322011609428
5.3	1.4243106782507662
5.35	1.4250891553405898
5.4	1.4258676324304131
5.45	1.4266461095202367
5.5	1.4273432976692502
5.55	1.4280106798732999
5.6	1.4286780620773498
5.65	1.4293454442813998
5.7	1.4300128264854495
5.75	1.4306802086894994
5.8	1.4313475908935491
5.85	1.432014973097599
5.9	1.432682355301649
5.95	1.4333497375056987
6.0	1.4340171197097487
6.05	1.4346804374667579
6.1	1.4351811773421472
6.15	1.4356819172175368
6.2	1.4361826570929261
6.25	1.4366833969683155
6.3	1.437184136843705
6.35	1.4376848767190944
6.4	1.4381856165944837
6.45	1.4386863564698733
6.5	1.4391870963452627
6.55	1.439687836220652
6.6	1.4401885760960416
6.65	1.440689315971431
6.7	1.4411900558468203
6.75	1.4416907957222096
6.8	1.4421915355975992
6.85	1.4426462117398628
6.9	1.4430358567294785
6.95	1.4434255017190945
7.0	1.4438151467087101
7.05	1.444204791698326
7.1	1.4445944366879417
7.15	1.4449840816775574
7.2	1.4453737266671733
7.25	1.445763371656789
7.3	1.446153016646405
7.35	1.4465426616360206
7.4	1.4469323066256363
7.45	1.4473219516152522
7.5	1.447711596604868
7.55	1.4481012415944838
7.6	1.4484908865840995
7.65	1.4488805315737154
7.7	1.4492701765633311
7.75	1.4496598215529468
7.8	1.4500494665425627
7.85	1.4504391115321784
7.9	1.4508287565217943
7.95	1.45121840151141
8.0	1.4516080465010257
8.05	1.4518754871162907
8.1	1.4521429277315554
8.15	1.4524103683468201
8.2	1.4526778089620849
8.25	1.4529452495773498
8.3	1.4532126901926146
8.35	1.4534801308078793
8.4	1.4537475714231443
8.45	1.454015012038409
8.5	1.4542824526536737
8.55	1.4545498932689385
8.6	1.4548173338842034
8.65	1.4550847744994682
8.7	1.455352215114733
8.75	1.4556196557299979
8.8	1.4558870963452626
8.85	1.4561545369605273
8.9	1.456421977575792
8.95	1.456689418191057
9.0	1.4571519522642657
9.05	1.4578193344683157
9.1	1.4584867166723656
9.15	1.4591540988764153
9.2	1.4598214810804653
9.25	1.4604888632845152
9.3	1.461156245488565
9.35	1.4618236276926149
9.4	1.462339270540486
9.45	1.4627844629729887
9.5	1.463229655405491
9.55	1.4636748478379937
9.6	1.4641200402704964
9.65	1.464565232702999
9.7	1.4650104251355014
9.75	1.465455617568004
9.8	1.4659008100005066
9.85	1.4663460024330093
9.9	1.4667911948655117
9.95	1.4672363872980143
10.0	1.4674648092216904
10.05	1.4676878118826457
10.1	1.467910814543601
10.15	1.4681338172045564
10.2	1.4683568198655117
10.25	1.468579822526467
10.3	1.4688028251874223
10.35	1.4690258278483779
10.4	1.4692488305093332
10.45	1.4694718331702885
10.5	1.4696948358312438
10.55	1.4699178384921991
10.6	1.4701408411531545
10.65	1.4703638438141098
10.7	1.4705868464750653
10.75	1.4708098491360206
10.8	1.471032851796976
10.85	1.4712558544579313
10.9	1.4714788571188866
10.95	1.471701859779842
11.0	1.4719248624407975
11.05	1.4721478651017528
11.1	1.472370867762708
11.15	1.4729366387907457
11.2	1.4737706633234557
11.25	1.474604687856166
11.3	1.4754387123888764
11.35	1.4762727369215867
11.4	1.477106761454297
11.45	1.4779407859870073
11.5	1.4787748105197176
11.55	1.4792308414776614
11.6	1.4795649390243903
11.65	1.4798990365711193
11.7	1.4802331341178483
11.75	1.4805672316645773
11.8	1.4809013292113062
11.85	1.4812354267580352
11.9	1.4815695243047642
11.95	1.4819036218514932
12.0	1.4822377193982221
12.05	1.482571816944951
12.1	1.48290591449168
12.15	1.483240012038409
12.2	1.483574109585138
12.25	1.483908207131867
12.3	1.484242304678596
12.35	1.484576402225325
12.4	1.484910499772054
12.45	1.4852445973187829
12.5	1.4855583726303094
12.55	1.485809149012708
12.6	1.4860599253951068
12.65	1.4863107017775057
12.7	1.4865614781599044
12.75	1.486812254542303
12.8	1.487063030924702
12.85	1.4873138073071006
12.9	1.4875645836894993
12.95	1.4878153600718982
13.0	1.4880661364542969
13.05	1.4883169128366955
13.1	1.4885676892190944
13.15	1.4888184656014931
13.2	1.4890692419838918
13.25	1.4893200183662907
13.3	1.4895707947486894
13.35	1.489821571131088
13.4	1.490072347513487
13.45	1.4903231238958856
13.5	1.4905739002782845
13.55	1.4908246766606832
13.6	1.4910754530430819
13.65	1.4913262294254808
13.7	1.4915770058078794
13.75	1.4918277821902781
13.8	1.492078558572677
13.85	1.4923293349550757
13.9	1.4925801113374744
13.95	1.4928308877198733
14.0	1.493081664102272
14.05	1.4933320340399667
14.1	1.4935661461894993
14.15	1.493800258339032
14.2	1.4940343704885648
14.25	1.4942684826380974
14.3	1.4945025947876303
14.35	1.4947367069371629
14.4	1.4949708190866957
14.45	1.4952049312362283
14.5	1.495439043385761
14.55	1.4956731555352938
14.6	1.4959072676848264
14.65	1.4961413798343592
14.7	1.4963754919838919
14.75	1.4966096041334247
14.8	1.4968437162829573
14.85	1.49707782843249
14.9	1.4973119405820228
14.95	1.4975460527315554
15.0	1.4977801648810882
15.05	1.4980142770306208
15.1	1.4982483891801537
15.15	1.4984825013296863
15.2	1.498716613479219
15.25	1.4989507256287518
15.3	1.4991848377782844
15.35	1.4994189499278172
15.4	1.4996530620773498
15.45	1.4998871742268827
15.5	1.5001212863764153
15.55	1.500355398525948
15.6	1.5005895106754807
15.65	1.5008236228250134
15.7	1.5010577349745462
15.75	1.5012918471240788
15.8	1.5015259592736117
15.85	1.5017600714231443
15.9	1.5019941835726769
15.95	1.5022282957222097
16.0	1.5024624078717423
16.05	1.5027965054184713
16.1	1.5031306029652003
16.15	1.5034647005119293
16.2	1.5037987980586582
16.25	1.5041328956053872
16.3	1.5044669931521162
16.35	1.5048010906988452
16.4	1.5051351882455741
16.45	1.505469285792303
16.5	1.505803383339032
16.55	1.506137480885761
16.6	1.50647157843249
16.65	1.506805675979219
16.7	1.507139773525948
16.75	1.507473871072677
16.8	1.507807968619406
16.85	1.5081420661661349
16.9	1.5084761637128639
16.95	1.5088102612595928
17.0	1.5091443588063218
17.05	1.5094784563530508
17.1	1.5098125538997798
17.15	1.5101466514465087
17.2	1.5104417303016489
17.25	1.5107091709169136
17.3	1.5109766115321785
17.35	1.5112440521474433
17.4	1.511511492762708
17.45	1.511778933377973
17.5	1.5120463739932377
17.55	1.5123138146085024
17.6	1.5125812552237672
17.65	1.5128486958390321
17.7	1.5131161364542969
17.75	1.5133835770695616
17.8	1.5136510176848263
17.85	1.5139184583000913
17.9	1.514185898915356
17.95	1.5144533395306208
18.0	1.5147207801458857
18.05	1.5149882207611505
18.1	1.5152556613764152
18.15	1.5155210117046307
18.2	1.5157598850635536
18.25	1.5159987584224766
18.3	1.5162376317813997
18.35	1.5164765051403226
18.4	1.5167153784992458
18.45	1.5169542518581687
18.5	1.5171931252170916
18.55	1.5174319985760147
18.6	1.5176708719349377
18.65	1.5179097452938608
18.7	1.5181486186527837
18.75	1.5183874920117066
18.8	1.5186263653706298
18.85	1.5188652387295527
18.9	1.5191041120884756
18.95	1.5193429854473988
19.0	1.5195818588063217
19.05	1.5198207321652448
19.1	1.5200596055241677
19.15	1.5202984788830907
19.2	1.5205373522420138
19.25	1.5207762256009367
19.3	1.5210150989598599
19.35	1.5212539723187828
19.4	1.5214928456777057
19.45	1.5217317190366288
19.5	1.5219705923955518
19.55	1.5222814645306209
19.6	1.5226155620773498
19.65	1.5229496596240788
19.7	1.5232837571708078
19.75	1.5236178547175367
19.8	1.5239519522642657
19.85	1.5242860498109947
19.9	1.5246201473577237
19.95	1.5249542449044526
20.0	1.5252883424511816
20.05	1.5256224399979106
20.1	1.5259565375446396
20.15	1.5262906350913685
20.2	1.5266247326380975
20.25	1.5269588301848265
20.3	1.5272929277315554
20.35	1.5276270252782844
20.4	1.5279611228250134
20.45	1.5282952203717424
20.5	1.5286293179184713
20.55	1.5289634154652
20.6	1.5292975130119293
20.65	1.5296316105586583
20.7	1.5299657081053872
20.75	1.5302998056521162
20.8	1.530633903198845
20.85	1.530968000745574
20.9	1.53127771161006
20.95	1.5315562617139022
21.0	1.5318348118177443
21.05	1.5321133619215865
21.1	1.5323919120254286
21.15	1.5326704621292708
21.2	1.5329490122331129
21.25	1.5332275623369551
21.3	1.5335061124407972
21.35	1.5337846625446394
21.4	1.5340632126484814
21.45	1.5343417627523237
21.5	1.534620312856166
21.55	1.534898862960008
21.6	1.5351774130638502
21.65	1.5354559631676923
21.7	1.5357345132715345
21.75	1.5360130633753766
21.8	1.5362916134792188
21.85	1.5365701635830609
21.9	1.5368487136869031
21.95	1.5371272637907452
22.0	1.5374058138945874
22.05	1.537687344592926
22.1	1.5380880990711192
22.15	1.5384888535493122
22.2	1.5388896080275054
22.25	1.5392903625056986
22.3	1.5396911169838918
22.35	1.5400918714620848
22.4	1.540492625940278
22.45	1.5408933804184712
22.5	1.5412941348966644
22.55	1.5416948893748574
22.6	1.5420956438530506
22.65	1.5424963983312439
22.7	1.5428971528094368
22.75	1.54329790728763
22.8	1.5436986617658233
22.85	1.5440994162440165
22.9	1.5445001707222095
22.95	1.5449009252004027
23.0	1.5453016796785959
23.05	1.5456682928016487
23.1	1.5460023903483777
23.15	1.5463364878951067
23.2	1.5466705854418357
23.25	1.5470046829885646
23.3	1.5473387805352936
23.35	1.5476728780820226
23.4	1.5480069756287516
23.45	1.5483410731754805
23.5	1.5486751707222095
23.55	1.5490092682689385
23.6	1.5493433658156675
23.65	1.5496774633623964
23.7	1.5500115609091254
23.75	1.5503456584558544
23.8	1.5506797560025833
23.85	1.5510138535493123
23.9	1.5513479510960413
23.95	1.5516820486427703
24.0	1.5520161461894995
24.05	1.5523502437362282
24.1	1.5526843412829572
24.15	1.5530184388296864
24.2	1.5533850519527392
24.25	1.5540524341567892
24.3	1.554719816360839
24.35	1.5553871985648888
24.4	1.5560545807689388
24.45	1.5567219629729885
24.5	1.5573893451770384
24.55	1.5580567273810884
24.6	1.558724109585138
24.65	1.559391491789188
24.7	1.560058873993238
24.75	1.5607262561972877
24.8	1.5613611228250135
24.85	1.5619451838647331
24.9	1.5625292449044528
24.95	1.5631133059441724
25.0	1.563697366983892
25.05	1.5642814280236117
25.1	1.5648654890633313
25.15	1.565449550103051
25.2	1.5660336111427706
25.25	1.5666176721824903
25.3	1.56720173322221
25.35	1.5677857942619293
25.4	1.568369855301649
25.45	1.5689539163413686
25.5	1.5695379773810882
25.55	1.5701220384208079
25.6	1.5705110060025835
25.65	1.5708451035493125
25.7	1.5711792010960415
25.75	1.5715132986427705
25.8	1.5718473961894994
25.85	1.5721814937362284
25.9	1.5725155912829574
25.95	1.5728496888296863
26.0	1.5731837863764153
26.05	1.5735178839231443
26.1	1.5738519814698733
26.15	1.5741860790166022
26.2	1.5745201765633312
26.25	1.5748542741100602
26.3	1.5751883716567892
26.35	1.5755224692035181
26.4	1.575856566750247
26.45	1.576190664296976
26.5	1.576524761843705
26.55	1.576858859390434
26.6	1.577192956937163
26.65	1.577527054483892
26.7	1.577861152030621
26.75	1.5781342828717424
26.8	1.5783017380898108
26.85	1.5784691933078794
26.9	1.578636648525948
26.95	1.5788041037440164
27.0	1.578971558962085
27.05	1.5791390141801536
27.1	1.579306469398222
27.15	1.5794739246162905
27.2	1.5796413798343591
27.25	1.5798088350524275
27.3	1.5799762902704961
27.35	1.5801437454885647
27.4	1.5803112007066331
27.45	1.5804786559247017
27.5	1.5806461111427703
27.55	1.5808135663608387
27.6	1.5809810215789073
27.65	1.581148476796976
27.7	1.5813159320150443
27.75	1.5814833872331129
27.8	1.5816508424511815
27.85	1.5818182976692499
27.9	1.5819857528873185
27.95	1.5825494916918357
28.0	1.5831335527315553
28.05	1.583717613771275
28.1	1.5843016748109946
28.15	1.5848857358507142
28.2	1.5854697968904339
28.25	1.5860538579301535
28.3	1.5866379189698732
28.35	1.5872219800095928
28.4	1.5878060410493124
28.45	1.588390102089032
28.5	1.5889741631287517
28.55	1.5895582241684714
28.6	1.590142285208191
28.65	1.5907263462479106
28.7	1.5913388584169137
28.75	1.5920062406209636
28.8	1.5926736228250133
28.85	1.5933410050290633
28.9	1.5940083872331132
28.95	1.594675769437163
29.0	1.5953431516412129
29.05	1.5960105338452626
29.1	1.5966779160493125
29.15	1.5973452982533625
29.2	1.5980126804574122
29.25	1.5986800626614621
29.3	1.5993474448655118
29.35	1.6000148270695618
29.4	1.6006822092736117
29.45	1.6013495914776614
29.5	1.6016511734480663
29.55	1.601818628666135
29.6	1.6019860838842035
29.65	1.6021535391022719
29.7	1.6023209943203405
29.75	1.602488449538409
29.8	1.6026559047564775
29.85	1.602823359974546
29.9	1.6029908151926147
29.95	1.603158270410683
30.0	1.6033257256287516
30.05	1.6034931808468202
30.1	1.6036606360648886
30.15	1.6038280912829572
30.2	1.6039955465010258
30.25	1.6041630017190942
30.3	1.6043304569371628
30.35	1.6044979121552314
30.4	1.6046653673732998
30.45	1.6048328225913684
30.5	1.605000277809437
30.55	1.6051677330275054
30.6	1.605335188245574
30.65	1.6055378686713269
30.7	1.6058164187751691
30.75	1.6060949688790112
30.8	1.6063735189828534
30.85	1.6066520690866954
30.9	1.6069306191905377
30.95	1.60720916929438
31.0	1.607487719398222
31.05	1.6077662695020642
31.1	1.6080448196059065
31.15	1.6083233697097485
31.2	1.6086019198135908
31.25	1.608880469917433
31.3	1.609159020021275
31.35	1.6094375701251173
31.4	1.6097161202289594
31.45	1.6099946703328016
31.5	1.610273220436644
31.55	1.610551770540486
31.6	1.6108303206443282
31.65	1.6111088707481704
31.7	1.6113874208520125
31.75	1.6116659709558547
31.8	1.6119445210596968
31.85	1.6121228148032067
31.9	1.6122902700212751
31.95	1.6124577252393437
32.0	1.6126251804574123
32.05	1.6127926356754807
32.1	1.6129600908935493
32.15	1.6131275461116177
32.2	1.6132950013296863
32.25	1.6134624565477549
32.3	1.6136299117658233
32.35	1.6137973669838919
32.4	1.6139648222019605
32.45	1.6141322774200288
32.5	1.6142997326380975
32.55	1.6144671878561658
32.6	1.6147321898032065
32.65	1.6152329296785959
32.7	1.6157336695539852
32.75	1.6162344094293746
32.8	1.6167351493047641
32.85	1.6172358891801535
32.9	1.6177366290555428
32.95	1.6182373689309322
33.0	1.6187381088063217
33.05	1.619238848681711
33.1	1.6197395885571004
33.15	1.6202403284324898
33.2	1.6207410683078793
33.25	1.6212418081832687
33.3	1.621742548058658
33.35	1.6222432879340476
33.4	1.6226302232923029
33.45	1.6229643208390319
33.5	1.6232984183857608
33.55	1.6236325159324898
33.6	1.6239666134792188
33.65	1.6243007110259478
33.7	1.6246348085726767
33.75	1.624968906119406
33.8	1.6256931905820227
33.85	1.6264716676718463
33.9	1.6272501447616696
33.95	1.6280286218514932
34.0	1.6288070989413166
34.05	1.6295855760311402
34.1	1.6303640531209636
34.15	1.6311425302107871
34.2	1.6319210073006105
34.25	1.632699484390434
34.3	1.6334779614802575
34.35	1.63416634332735
34.4	1.6344171197097486
34.45	1.6346678960921472
34.5	1.6349186724745461
34.55	1.6351694488569448
34.6	1.6354202252393435
34.65	1.6356710016217424
34.7	1.635921778004141
34.75	1.6361725543865397
34.8	1.6364233307689386
34.85	1.6366741071513373
34.9	1.636924883533736
34.95	1.637175659916135
35.0	1.6374264362985336
35.05	1.6376772126809322
35.1	1.6379279890633311
35.15	1.6381787654457298
35.2	1.6384295418281285
35.25	1.6386803182105274
35.3	1.638931094592926
35.35	1.6391818709753248
35.4	1.6394326473577236
35.45	1.6396834237401223
35.5	1.639934200122521
35.55	1.64018497650492
35.6	1.6404357528873186
35.65	1.6406865292697173
35.7	1.6409373056521162
35.75	1.6411880820345148
35.8	1.6414388584169135
35.85	1.6416896347993124
35.9	1.641940411181711
35.95	1.642143633533736
36.0	1.6423444172175365
36.05	1.6425452009013373
36.1	1.642745984585138
36.15	1.6429467682689385
36.2	1.6431475519527392
36.25	1.6433483356365397
36.3	1.6435491193203404
36.35	1.643749903004141
36.4	1.6439506866879416
36.45	1.6441514703717424
36.5	1.6443522540555429
36.55	1.6445530377393436
36.6	1.644753821423144
36.65	1.6449546051069448
36.7	1.6451553887907453
36.75	1.645356172474546
36.8	1.6455569561583465
36.85	1.6457577398421472
36.9	1.646017051563331
36.95	1.64635114911006
37.0	1.646685246656789
37.05	1.647019344203518
37.1	1.647353441750247
37.15	1.6476875392969759
37.2	1.6480216368437048
37.25	1.6483557343904338
37.3	1.6486898319371628
37.35	1.6490239294838918
37.4	1.6493580270306207
37.45	1.6496921245773497
37.5	1.6500262221240787
37.55	1.6503603196708077
37.6	1.6506944172175366
37.65	1.6510285147642656
37.7	1.6513626123109946
37.75	1.6516967098577235
37.8	1.6520308074044525
37.85	1.6523649049511817
37.9	1.6526990024979105
37.95	1.6530331000446394
38.0	1.6533671975913684
38.05	1.6537012951380974
38.1	1.6540353926848266
38.15	1.6543694902315553
38.2	1.6547035877782843
38.25	1.6550376853250133
38.3	1.6553717828717422
38.35	1.6557058804184714
38.4	1.6560399779652002
38.45	1.6563740755119294
38.5	1.6567081730586584
38.55	1.6570422706053871
38.6	1.6573763681521163
38.65	1.657710465698845
38.7	1.6580445632455743
38.75	1.6583786607923032
38.8	1.658712758339032
38.85	1.6590468558857612
38.9	1.6593809534324901
38.95	1.6597150509792191
39.0	1.660049148525948
39.05	1.6603832460726768
39.1	1.660717343619406
39.15	1.661051441166135
39.2	1.661385538712864
39.25	1.661719636259593
39.3	1.662053733806322
39.35	1.662387831353051
39.4	1.6627219288997799
39.45	1.6630560264465089
39.5	1.6633901239932378
39.55	1.6637242215399668
39.6	1.6640583190866958
39.65	1.6643924166334247
39.7	1.6647265141801537
39.75	1.6650606117268827
39.8	1.6653947092736117
39.85	1.6657288068203406
39.9	1.6660629043670696
39.95	1.6663970019137986
40.0	1.6667310994605276
40.05	1.6670651970072565
40.1	1.6673992945539855
40.15	1.6677333921007145
40.2	1.6680804958779731
40.25	1.6685479072876304
40.3	1.6690153186972876
40.35	1.669482730106945
40.4	1.6699501415166023
40.45	1.6704175529262595
40.5	1.670884964335917
40.55	1.6713523757455742
40.6	1.6718197871552316
40.65	1.6722871985648888
40.7	1.672754609974546
40.75	1.6732220213842035
40.8	1.6736894327938607
40.85	1.6741568442035182
40.9	1.6746242556131754
40.95	1.6750916670228326
41.0	1.67555907843249
41.05	1.6760264898421473
41.1	1.6764939012518045
41.15	1.676961312661462
41.2	1.677263978484411
41.25	1.6774499495167752
41.3	1.6776359205491393
41.35	1.6778218915815035
41.4	1.6780078626138675
41.45	1.6781938336462316
41.5	1.6783798046785958
41.55	1.67856577571096
41.6	1.6787517467433242
41.65	1.6789377177756883
41.7	1.6791236888080525
41.75	1.6793096598404165
41.8	1.6794956308727806
41.85	1.6796816019051448
41.9	1.679867572937509
41.95	1.6800535439698732
42.0	1.6802395150022373
42.05	1.6804254860346013
42.1	1.6806114570669655
42.15	1.6807974280993296
42.2	1.6809833991316938
42.25	1.681169370164058
42.3	1.6813553411964222
42.35	1.6815413122287861
42.4	1.6817272832611503
42.45	1.6819132542935145
42.5	1.6820992253258786
42.55	1.6822851963582428
42.6	1.682471167390607
42.65	1.682657138422971
42.7	1.682843109455335
42.75	1.6830290804876993
42.8	1.6832150515200635
42.85	1.6834010225524276
42.9	1.6835869935847918
42.95	1.6837312879062327
43.0	1.6838273249834468
43.05	1.6839233620606608
43.1	1.684019399137875
43.15	1.684115436215089
43.2	1.684211473292303
43.25	1.684307510369517
43.3	1.6844035474467312
43.35	1.6844995845239452
43.4	1.6845956216011593
43.45	1.6846916586783733
43.5	1.6847876957555874
43.55	1.6848837328328015
43.6	1.6849797699100155
43.65	1.6850758069872296
43.7	1.6851718440644436
43.75	1.6852678811416577
43.8	1.6853639182188718
43.85	1.6854599552960858
43.9	1.6855559923733
43.95	1.685652029450514
44.0	1.685748066527728
44.05	1.685844103604942
44.1	1.6859401406821561
44.15	1.6860361777593702
44.2	1.6861322148365843
44.25	1.6862282519137983
44.3	1.6863242889910124
44.35	1.6864203260682264
44.4	1.6865163631454405
44.45	1.6866124002226546
44.5	1.6867084372998686
44.55	1.6868044743770827
44.6	1.6869005114542968
44.65	1.6869965485315108
44.7	1.6870925856087249
44.75	1.687188622685939
44.8	1.687284659763153
44.85	1.687380696840367
44.9	1.6874767339175811
44.95	1.6875727709947952
45.0	1.6876688080720093
45.05	1.6877648451492233
45.1	1.6878608822264376
45.15	1.6879569193036517
45.2	1.6880529563808657
45.25	1.6881489934580798
45.3	1.6882450305352938
45.35	1.688341067612508
45.4	1.688437104689722
45.45	1.688533141766936
45.5	1.68862917884415
45.55	1.6887252159213642
45.6	1.6888212529985782
45.65	1.6889172900757923
45.7	1.6890034563530507
45.75	1.689087590406789
45.8	1.6891717244605273
45.85	1.6892558585142656
45.9	1.689339992568004
45.95	1.6894241266217422
46.0	1.6895082606754808
46.05	1.689592394729219
46.1	1.6896765287829574
46.15	1.6897606628366957
46.2	1.689844796890434
46.25	1.6899289309441723
46.3	1.6900130649979106
46.35	1.690097199051649
46.4	1.6901813331053872
46.45	1.6902654671591255
46.5	1.6903496012128638
46.55	1.6904337352666021
46.6	1.6905178693203404
46.65	1.6906020033740787
46.7	1.690686137427817
46.75	1.6907702714815553
46.8	1.6908544055352936
46.85	1.690938539589032
46.9	1.6910226736427703
46.95	1.6911068076965086
47.0	1.6911909417502469
47.05	1.6912750758039852
47.1	1.6913592098577235
47.15	1.6914433439114618
47.2	1.6915274779652
47.25	1.6916624176069448
47.3	1.6918298728250132
47.35	1.6919973280430818
47.4	1.6921647832611504
47.45	1.692332238479219
47.5	1.6924996936972874
47.55	1.692667148915356
47.6	1.6928346041334246
47.65	1.693002059351493
47.7	1.6931695145695616
47.75	1.6933369697876302
47.8	1.6935044250056985
47.85	1.6936718802237671
47.9	1.6938393354418357
47.95	1.6940067906599043
48.0	1.6941742458779727
48.05	1.6943417010960413
48.1	1.69450915631411
48.15	1.6946766115321783
48.2	1.694844066750247
48.25	1.6950115219683155
48.3	1.6951789771863839
48.35	1.6953464324044525
48.4	1.695513887622521
48.45	1.6956813428405895
48.5	1.695848798058658
48.55	1.6960162532767267
48.6	1.6961837084947953
48.65	1.6963511637128637
48.7	1.6965186189309323
48.75	1.6966860741490009
48.8	1.6968463036834418
48.85	1.6969952430872146
48.9	1.6971441824909876
48.95	1.6972931218947604
49.0	1.6974420612985335
49.05	1.6975910007023063
49.1	1.6977399401060793
49.15	1.6978888795098523
49.2	1.6980378189136252
49.25	1.6981867583173982
49.3	1.698335697721171
49.35	1.698484637124944
49.4	1.6986335765287168
49.45	1.6987825159324899
49.5	1.6989314553362627
49.55	1.6990803947400357
49.6	1.6992293341438087
49.65	1.6993782735475815
49.7	1.6995272129513546
49.75	1.6996761523551274
49.8	1.6998250917589004
49.85	1.6999740311626732
49.9	1.7001229705664462
49.95	1.700271909970219
50.0	1.700420849373992
50.05	1.700569788777765
50.1	1.700718728181538
50.15	1.700867667585311
50.2	1.7010166069890837
50.25	1.7011655463928568
50.3	1.7013144857966296
50.35	1.7014634252004026
50.4	1.7016123646041754
50.45	1.7017613040079484
50.5	1.7019102434117215
50.55	1.7020641504729883
50.6	1.7022316056910567
50.65	1.7023990609091253
50.7	1.702566516127194
50.75	1.7027339713452625
50.8	1.7029014265633309
50.85	1.7030688817813995
50.9	1.703236336999468
50.95	1.7034037922175365
51.0	1.703571247435605
51.05	1.7037387026536737
51.1	1.703906157871742
51.15	1.7040736130898106
51.2	1.7042410683078792
51.25	1.7044085235259478
51.3	1.7045759787440162
51.35	1.7047434339620848
51.4	1.7049108891801534
51.45	1.7050783443982218
51.5	1.7052457996162904
51.55	1.705413254834359
51.6	1.7055807100524274
51.65	1.705748165270496
51.7	1.7059156204885646
51.75	1.7060830757066332
51.8	1.7062505309247016
51.85	1.7064179861427702
51.9	1.7065854413608388
51.95	1.7067528965789072
52.0	1.7069203517969758
52.05	1.7070878070150444
52.1	1.707255262233113
52.15	1.7074227174511813
52.2	1.70759017266925
52.25	1.7077576278873186
52.3	1.707925083105387
52.35	1.7080925383234555
52.4	1.7082599935415241
52.45	1.7084274487595925
52.5	1.7085813558208596
52.55	1.7086932635960412
52.6	1.708805171371223
52.65	1.7089170791464046
52.7	1.7090289869215864
52.75	1.709140894696768
52.8	1.7092528024719498
52.85	1.7093647102471317
52.9	1.7094766180223133
52.95	1.709588525797495
53.0	1.7097004335726769
53.05	1.7098123413478585
53.1	1.7099242491230402
53.15	1.7100361568982219
53.2	1.7101480646734037
53.25	1.7102599724485854
53.3	1.710371880223767
53.35	1.710483787998949
53.4	1.7105956957741306
53.45	1.7107076035493123
53.5	1.710819511324494
53.55	1.7109314190996758
53.6	1.7110433268748575
53.65	1.7111552346500392
53.7	1.711267142425221
53.75	1.7113790502004027
53.8	1.7114909579755844
53.85	1.7116028657507663
53.9	1.711714773525948
53.95	1.7118266813011296
54.0	1.7119385890763112
54.05	1.7120504968514931
54.1	1.7121624046266748
54.15	1.7122743124018565
54.2	1.7123862201770383
54.25	1.7125078052070783
54.3	1.7126990664720982
54.35	1.7128903277371184
54.4	1.7130815890021385
54.45	1.7132728502671584
54.5	1.7134641115321785
54.55	1.7136553727971986
54.6	1.7138466340622185
54.65	1.7140378953272386
54.7	1.7142291565922585
54.75	1.7144204178572786
54.8	1.7146116791222987
54.85	1.7148029403873186
54.9	1.7149942016523387
54.95	1.7151854629173588
55.0	1.7153767241823787
55.05	1.7155679854473989
55.1	1.7157592467124188
55.15	1.7159505079774389
55.2	1.716141769242459
55.25	1.7163330305074789
55.3	1.716524291772499
55.35	1.716715553037519
55.4	1.716906814302539
55.45	1.7170980755675591
55.5	1.717289336832579
55.55	1.7174805980975991
55.6	1.7176718593626192
55.65	1.7177992507455742
55.7	1.7179111585207558
55.75	1.7180230662959377
55.8	1.7181349740711194
55.85	1.718246881846301
55.9	1.7183587896214827
55.95	1.7184706973966646
56.0	1.7185826051718462
56.05	1.718694512947028
56.1	1.7188064207222098
56.15	1.7189183284973915
56.2	1.7190302362725731
56.25	1.7191421440477548
56.3	1.7192540518229367
56.35	1.7193659595981183
56.4	1.7194778673733
56.45	1.7195897751484817
56.5	1.7197016829236635
56.55	1.7198135906988452
56.6	1.7199254984740269
56.65	1.7200374062492085
56.7	1.7201493140243904
56.75	1.720261221799572
56.8	1.7203731295747537
56.85	1.7204850373499356
56.9	1.7205969451251173
56.95	1.720708852900299
57.0	1.7208207606754806
57.05	1.7209326684506625
57.1	1.7210445762258442
57.15	1.7211564840010258
57.2	1.7212683917762075
57.25	1.7213802995513894
57.3	1.721492207326571
57.35	1.7216041151017527
57.4	1.7216401531988452
57.45	1.7216409660882532
57.5	1.7216417789776612
57.55	1.7216425918670695
57.6	1.7216434047564775
57.65	1.7216442176458855
57.7	1.7216450305352937
57.75	1.7216458434247017
57.8	1.72164665631411
57.85	1.721647469203518
57.9	1.721648282092926
57.95	1.7216490949823342
58.0	1.7216499078717422
58.05	1.7216507207611504
58.1	1.7216515336505585
58.15	1.7216523465399665
58.2	1.7216531594293747
58.25	1.7216539723187827
58.3	1.721654785208191
58.35	1.721655598097599
58.4	1.721656410987007
58.45	1.7216572238764152
58.5	1.7216580367658232
58.55	1.7216588496552312
58.6	1.7216596625446394
58.65	1.7216604754340474
58.7	1.7216612883234557
58.75	1.7216621012128637
58.8	1.7216629141022717
58.85	1.72166372699168
58.9	1.721664539881088
58.95	1.7216513119534471
59.0	1.7216218262376441
59.05	1.7215923405218412
59.1	1.7215628548060384
59.15	1.7215333690902355
59.2	1.7215038833744327
59.25	1.7214743976586298
59.3	1.7214449119428268
59.35	1.721415426227024
59.4	1.721385940511221
59.45	1.721356454795418
59.5	1.7213269690796154
59.55	1.7212974833638124
59.6	1.7212679976480096
59.65	1.7212385119322067
59.7	1.7212090262164037
59.75	1.721179540500601
59.8	1.721150054784798
59.85	1.721120569068995
59.9	1.7210910833531923
59.95	1.7210615976373893
60.0	1.7210321119215863
60.05	1.7210026262057836
60.1	1.7209731404899806
60.15	1.7209436547741779
60.2	1.720914169058375
60.25	1.720884683342572
60.3	1.7208551976267692
60.35	1.7208257119109662
60.4	1.7207962261951633
60.45	1.7207667404793605
60.5	1.7207372547635575
60.55	1.7207077690477548
60.6	1.7206782833319518
60.65	1.7206487976161489
60.7	1.7206193119003461
60.75	1.7205898261845431
60.8	1.7205603404687402
60.85	1.7205308547529374
60.9	1.7205013690371345
60.95	1.7204718833213317
61.0	1.7204423976055288
61.05	1.7204129118897258
61.1	1.7204354510960413
61.15	1.7205029209169136
61.2	1.7205703907377858
61.25	1.720637860558658
61.3	1.7207053303795303
61.35	1.7207728002004028
61.4	1.720840270021275
61.45	1.7209077398421473
61.5	1.7209752096630195
61.55	1.7210426794838918
61.6	1.721110149304764
61.65	1.7211776191256363
61.7	1.7212450889465085
61.75	1.721312558767381
61.8	1.7213800285882532
61.85	1.7214474984091255
61.9	1.7215149682299977
61.95	1.72158243805087
62.0	1.7216499078717422
62.05	1.7217173776926145
62.1	1.7217848475134867
62.15	1.7218523173343592
62.2	1.7219197871552314
62.25	1.7219872569761037
62.3	1.722054726796976
62.35	1.7221221966178482
62.4	1.7221896664387204
62.45	1.7222571362595926
62.5	1.722324606080465
62.55	1.7223920759013374
62.6	1.7224595457222096
62.65	1.7225270155430819
62.7	1.722594485363954
62.75	1.7226619551848263
62.8	1.7227294250056986
62.85	1.7227968948265708
62.9	1.722864364647443
62.95	1.7229318344683155
63.0	1.7229993042891878
63.05	1.7230966477958076
63.1	1.723222442431711
63.15	1.7233482370676145
63.2	1.723474031703518
63.25	1.7235998263394214
63.3	1.723725620975325
63.35	1.7238514156112283
63.4	1.7239772102471316
63.45	1.724103004883035
63.5	1.7242287995189385
63.55	1.724354594154842
63.6	1.7244803887907454
63.65	1.7246061834266488
63.7	1.7247319780625523
63.75	1.7248577726984557
63.8	1.7249835673343592
63.85	1.7251093619702627
63.9	1.7252351566061659
63.95	1.7253609512420693
64.0	1.7254867458779728
64.05	1.7256125405138762
64.1	1.7257383351497797
64.15	1.7258641297856832
64.2	1.7259899244215866
64.25	1.72611571905749
64.3	1.7262415136933935
64.35	1.7263673083292967
64.4	1.7264931029652002
64.45	1.7266188976011037
64.5	1.726744692237007
64.55	1.7268704868729106
64.6	1.7269840881676926
64.65	1.7270682222214309
64.7	1.7271523562751692
64.75	1.7272364903289075
64.8	1.7273206243826458
64.85	1.727404758436384
64.9	1.7274888924901224
64.95	1.7275730265438607
65.0	1.727657160597599
65.05	1.7277412946513373
65.1	1.7278254287050756
65.15	1.727909562758814
65.2	1.7279936968125522
65.25	1.7280778308662905
65.3	1.7281619649200288
65.35	1.7282460989737671
65.4	1.7283302330275054
65.45	1.7284143670812437
65.5	1.728498501134982
65.55	1.7285826351887204
65.6	1.7286667692424587
65.65	1.7287509032961972
65.7	1.7288350373499355
65.75	1.7289191714036738
65.8	1.729003305457412
65.85	1.7290874395111504
65.9	1.7291715735648887
65.95	1.729255707618627
66.0	1.7293398416723653
66.05	1.7294239757261036
66.1	1.729508109779842
66.15	1.7295915664257402
66.2	1.7296664425723307
66.25	1.7297413187189212
66.3	1.7298161948655117
66.35	1.7298910710121023
66.4	1.7299659471586928
66.45	1.7300408233052833
66.5	1.7301156994518738
66.55	1.7301905755984643
66.6	1.7302654517450549
66.65	1.7303403278916454
66.7	1.730415204038236
66.75	1.7304900801848262
66.8	1.7305649563314167
66.85	1.7306398324780072
66.9	1.7307147086245978
66.95	1.7307895847711883
67.0	1.7308644609177788
67.05	1.7309393370643693
67.1	1.7310142132109598
67.15	1.7310890893575503
67.2	1.7311639655041409
67.25	1.7312388416507314
67.3	1.731313717797322
67.35	1.7313885939439124
67.4	1.731463470090503
67.45	1.7315383462370935
67.5	1.731613222383684
67.55	1.7316880985302745
67.6	1.731762974676865
67.65	1.7318378508234555
67.7	1.731912726970046
67.75	1.7319876031166366
67.8	1.732062479263227
67.85	1.7321373554098176
67.9	1.7322122315564081
67.95	1.7323355423635647
68.0	1.732461336999468
68.05	1.7325871316353714
68.1	1.7327129262712748
68.15	1.7328387209071783
68.2	1.7329645155430817
68.25	1.7330903101789852
68.3	1.7332161048148886
68.35	1.733341899450792
68.4	1.7334676940866955
68.45	1.733593488722599
68.5	1.7337192833585024
68.55	1.733845077994406
68.6	1.7339708726303094
68.65	1.7340966672662128
68.7	1.7342224619021163
68.75	1.7343482565380195
68.8	1.734474051173923
68.85	1.7345998458098264
68.9	1.7347256404457299
68.95	1.7348514350816333
69.0	1.7349772297175368
69.05	1.7351030243534402
69.1	1.7352288189893437
69.15	1.7353546136252471
69.2	1.7354804082611506
69.25	1.735606202897054
69.3	1.7357319975329575
69.35	1.735857792168861
69.4	1.7359835868047644
69.45	1.7361093814406676
69.5	1.736235176076571
69.55	1.7363609707124745
69.6	1.736486765348378
69.65	1.7366125599842814
69.7	1.7367383546201849
69.75	1.7368641492560881
69.8	1.7369899438919916
69.85	1.737115738527895
69.9	1.7372415331637985
69.95	1.737367327799702
70.0	1.7374931224356054
70.05	1.7376189170715086
70.1	1.737744711707412
70.15	1.7378705063433155
70.2	1.737996300979219
70.25	1.7381220956151224
70.3	1.7382478902510259
70.35	1.7383736848869291
70.4	1.7384994795228326
70.45	1.738625274158736
70.5	1.7387510687946395
70.55	1.738876863430543
70.6	1.7390026580664464
70.65	1.7391284527023498
70.7	1.739254247338253
70.75	1.7393800419741565
70.8	1.73950583661006
70.85	1.7396316312459634
70.9	1.7397574258818669
70.95	1.7398832205177701
71.0	1.7400090151536736
71.05	1.740070794748689
71.1	1.7400716076380973
71.15	1.7400724205275053
71.2	1.7400732334169136
71.25	1.7400740463063216
71.3	1.7400748591957298
71.35	1.7400756720851378
71.4	1.7400764849745458
71.45	1.740077297863954
71.5	1.740078110753362
71.55	1.7400789236427703
71.6	1.7400797365321783
71.65	1.7400805494215863
71.7	1.7400813623109945
71.75	1.7400821752004025
71.8	1.7400829880898108
71.85	1.7400838009792188
71.9	1.740084613868627
71.95	1.740085426758035
72.0	1.740086239647443
72.05	1.7400870525368513
72.1	1.7400878654262593
72.15	1.7400886783156675
72.2	1.7400894912050755
72.25	1.7400903040944837
72.3	1.7400911169838917
72.35	1.7400919298732997
72.4	1.740092742762708
72.45	1.740093555652116
72.5	1.7400943685415242
72.55	1.7400951814309322
72.6	1.7400959943203405
72.65	1.7400968072097485
72.7	1.7400976200991565
72.75	1.7400984329885647
72.8	1.7401228935698447
72.85	1.740184303669675
72.9	1.7402457137695049
72.95	1.740307123869335
73.0	1.740368533969165
73.05	1.7404299440689952
73.1	1.7404913541688252
73.15	1.7405527642686554
73.2	1.7406141743684853
73.25	1.7406755844683155
73.3	1.7407369945681455
73.35	1.7407984046679756
73.4	1.7408598147678056
73.45	1.7409212248676358
73.5	1.7409826349674657
73.55	1.741044045067296
73.6	1.741105455167126
73.65	1.741166865266956
73.7	1.741228275366786
73.75	1.7412896854666162
73.8	1.7413510955664462
73.85	1.7414125056662764
73.9	1.7414739157661063
73.95	1.7415353258659365
74.0	1.7415967359657665
74.05	1.7416581460655967
74.1	1.7417195561654266
74.15	1.7417809662652568
74.2	1.741842376365087
74.25	1.741903786464917
74.3	1.7419651965647471
74.35	1.742026606664577
74.4	1.7420880167644073
74.45	1.7421494268642372
74.5	1.7422108369640674
74.55	1.7422722470638974
74.6	1.7423336571637276
74.65	1.7423950672635575
74.7	1.7424564773633877
74.75	1.7425178874632177
74.8	1.7425792975630479
74.85	1.7426407076628778
74.9	1.742702117762708
74.95	1.7427611877263631
75.0	1.742817548058658
75.05	1.742873908390953
75.1	1.742930268723248
75.15	1.742986629055543
75.2	1.7430429893878376
75.25	1.7430993497201326
75.3	1.7431557100524275
75.35	1.7432120703847225
75.4	1.7432684307170174
75.45	1.7433247910493124
75.5	1.7433811513816073
75.55	1.743437511713902
75.6	1.743493872046197
75.65	1.743550232378492
75.7	1.7436065927107869
75.75	1.7436629530430818
75.8	1.7437193133753768
75.85	1.7437756737076715
75.9	1.7438320340399664
75.95	1.7438883943722614
76.0	1.7439447547045563
76.05	1.7440011150368513
76.1	1.7440574753691462
76.15	1.7441138357014412
76.2	1.744170196033736
76.25	1.7442265563660309
76.3	1.7442829166983258
76.35	1.7443392770306207
76.4	1.7443956373629157
76.45	1.7444519976952106
76.5	1.7445083580275054
76.55	1.7445647183598003
76.6	1.7446210786920953
76.65	1.7446774390243902
76.7	1.7447337993566852
76.75	1.74479015968898
76.8	1.7448465200212748
76.85	1.7449028803535698
76.9	1.7449592406858647
76.95	1.7450156010181597
77.0	1.7450719613504546
77.05	1.7451283216827496
77.1	1.7451846820150445
77.15	1.7452410423473392
77.2	1.7452974026796342
77.25	1.7453537630119291
77.3	1.7453960332611502
77.35	1.7454301746162906
77.4	1.7454643159714307
77.45	1.7454984573265708
77.5	1.7455325986817112
77.55	1.7455667400368513
77.6	1.7456008813919914
77.65	1.7456350227471316
77.7	1.745669164102272
77.75	1.745703305457412
77.8	1.7457374468125522
77.85	1.7457715881676925
77.9	1.7458057295228326
77.95	1.7458398708779728
78.0	1.745874012233113
78.05	1.7459081535882532
78.1	1.7459422949433934
78.15	1.7459764362985335
78.2	1.7460105776536738
78.25	1.746044719008814
78.3	1.746078860363954
78.35	1.7461130017190942
78.4	1.7461471430742346
78.45	1.7461812844293747
78.5	1.7462154257845148
78.55	1.7462495671396552
78.6	1.7462837084947953
78.65	1.7463178498499354
78.7	1.7463519912050756
78.75	1.746386132560216
78.8	1.746420273915356
78.85	1.7464544152704962
78.9	1.7464885566256365
78.95	1.7465226979807766
79.0	1.7465568393359168
79.05	1.746590980691057
79.1	1.7466251220461972
79.15	1.7466592634013374
79.2	1.7466934047564775
79.25	1.746720772033217
79.3	1.7467438038997798
79.35	1.7467668357663426
79.4	1.7467898676329054
79.45	1.7468128994994683
79.5	1.746835931366031
79.55	1.746858963232594
79.6	1.7468819950991568
79.65	1.7469050269657196
79.7	1.7469280588322824
79.75	1.7469510906988452
79.8	1.7469741225654078
79.85	1.7469971544319707
79.9	1.7470201862985335
79.95	1.7470432181650963
80.0	1.7470662500316592
80.05	1.747089281898222
80.1	1.7471123137647848
80.15	1.7471353456313476
80.2	1.7471583774979105
80.25	1.7471814093644733
80.3	1.7472044412310361
80.35	1.747227473097599
80.4	1.7472505049641618
80.45	1.7472735368307246
80.5	1.7472965686972874
80.55	1.7473196005638503
80.6	1.747342632430413
80.65	1.747365664296976
80.7	1.7473886961635388
80.75	1.7474117280301016
80.8	1.7474347598966644
80.85	1.7474577917632272
80.9	1.74748082362979
80.95	1.747503855496353
81.0	1.7475268873629157
81.05	1.7475499192294786
81.1	1.7475729510960414
81.15	1.7475959829626042
81.2	1.747619014829167
81.25	1.7476420466957299
81.3	1.7476650785622927
81.35	1.7476881104288555
81.4	1.7477111422954184
81.45	1.7477341741619812
81.5	1.747757206028544
81.55	1.7477802378951068
81.6	1.7478032697616697
81.65	1.7478263016282323
81.7	1.747849333494795
81.75	1.747872365361358
81.8	1.7478953972279208
81.85	1.7479184290944836
81.9	1.7479414609610464
81.95	1.7479644928276092
82.0	1.747987524694172
82.05	1.748010556560735
82.1	1.7480335884272977
82.15	1.7480582460726768
82.2	1.7481034969163944
82.25	1.7481487477601119
82.3	1.7481939986038295
82.35	1.748239249447547
82.4	1.7482845002912646
82.45	1.748329751134982
82.5	1.7483750019786997
82.55	1.7484202528224173
82.6	1.7484655036661347
82.65	1.7485107545098524
82.7	1.7485560053535698
82.75	1.7486012561972875
82.8	1.7486465070410049
82.85	1.7486917578847225
82.9	1.7487370087284402
82.95	1.7487822595721576
83.0	1.7488275104158753
83.05	1.7488727612595927
83.1	1.7489180121033103
83.15	1.7489632629470278
83.2	1.7490085137907454
83.25	1.7490537646344628
83.3	1.7490990154781805
83.35	1.7491442663218981
83.4	1.7491895171656155
83.45	1.7492347680093332
83.5	1.7492800188530506
83.55	1.7493252696967683
83.6	1.7493705205404857
83.65	1.7494157713842033
83.7	1.749461022227921
83.75	1.7495062730716384
83.8	1.749551523915356
83.85	1.7495967747590735
83.9	1.7496420256027911
83.95	1.7496872764465086
84.0	1.7497325272902262
84.05	1.7497777781339436
84.1	1.7498230289776613
84.15	1.749868279821379
84.2	1.7499135306650964
84.25	1.749958781508814
84.3	1.7500040323525314
84.35	1.750049283196249
84.4	1.7500945340399665
84.45	1.7501397848836842
84.5	1.7501850357274018
84.55	1.7502302865711192
84.6	1.7502755374148369
84.65	1.7503207882585543
84.7	1.750366039102272
84.75	1.7504112899459894
84.8	1.750456540789707
84.85	1.7505017916334247
84.9	1.750547042477142
84.95	1.7505922933208597
85.0	1.7506375441645772
85.05	1.7506827950082948
85.1	1.7507042010960414
85.15	1.7507050139854494
85.2	1.7507058268748577
85.25	1.7507066397642657
85.3	1.7507074526536737
85.35	1.750708265543082
85.4	1.75070907843249
85.45	1.7507098913218981
85.5	1.7507107042113061
85.55	1.7507115171007144
85.6	1.7507123299901224
85.65	1.7507131428795304
85.7	1.7507139557689386
85.75	1.7507147686583466
85.8	1.7507155815477549
85.85	1.7507163944371629
85.9	1.7507172073265709
85.95	1.750718020215979
86.0	1.7507188331053871
86.05	1.7507196459947953
86.1	1.7507204588842034
86.15	1.7507212717736114
86.2	1.7507220846630196
86.25	1.7507228975524276
86.3	1.7507237104418358
86.35	1.7507245233312438
86.4	1.7507253362206519
86.45	1.75072614911006
86.5	1.750726961999468
86.55	1.7507277748888763
86.6	1.7507285877782843
86.65	1.7507294006676923
86.7	1.7507302135571006
86.75	1.7507310264465086
86.8	1.7507318393359168
86.85	1.7507326522253248
86.9	1.7507334651147328
86.95	1.750734278004141
87.0	1.750735090893549
87.05	1.7507359037829573
87.1	1.7507367166723653
87.15	1.7507375295617735
87.2	1.7507383424511815
87.25	1.7507391553405895
87.3	1.7507399682299978
87.35	1.7507407811194058
87.4	1.750741594008814
87.45	1.750742406898222
87.5	1.75074321978763
87.55	1.7507440326770383
87.6	1.7507448455664463
87.65	1.7507456584558545
87.7	1.7507464713452625
87.75	1.7507472842346705
87.8	1.7507480971240788
87.85	1.7507489100134868
87.9	1.750749722902895
87.95	1.750750535792303
88.0	1.750751348681711
88.05	1.7507521615711192
88.1	1.7507529744605272
88.15	1.7507537873499355
88.2	1.7507546002393435
88.25	1.7507554131287515
88.3	1.7507562260181597
88.35	1.7507570389075677
88.4	1.750757851796976
88.45	1.750758664686384
88.5	1.750759477575792
88.55	1.7507602904652002
88.6	1.7507611033546082
88.65	1.7507619162440164
88.7	1.7507627291334245
88.75	1.7507635420228325
88.8	1.7507643549122407
88.85	1.7507651678016487
88.9	1.750765980691057
88.95	1.750766793580465
89.0	1.7507676064698732
89.05	1.7507684193592812
89.1	1.7507692322486892
89.15	1.7507700451380974
89.2	1.7507708580275054
89.25	1.7507716709169137
89.3	1.7507724838063217
89.35	1.7507732966957297
89.4	1.750774109585138
89.45	1.750774922474546
89.5	1.7507757353639541
89.55	1.7507765482533622
89.6	1.7508293860648887
89.65	1.750896855885761
89.7	1.7509643257066332
89.75	1.7510317955275054
89.8	1.7510992653483777
89.85	1.75116673516925
89.9	1.7512342049901224
89.95	1.7513016748109946
90.0	1.7513691446318669
90.05	1.7514366144527391
90.1	1.7515040842736114
90.15	1.7515715540944836
90.2	1.7516390239153559
90.25	1.751706493736228
90.3	1.7517739635571004
90.35	1.7518414333779728
90.4	1.751908903198845
90.45	1.7519763730197173
90.5	1.7520438428405896
90.55	1.7521113126614618
90.6	1.752178782482334
90.65	1.7522462523032063
90.7	1.7523137221240785
90.75	1.752381191944951
90.8	1.7524486617658233
90.85	1.7525161315866955
90.9	1.7525836014075677
90.95	1.75265107122844
91.0	1.7527185410493122
91.05	1.7527860108701845
91.1	1.7528534806910567
91.15	1.7529209505119292
91.2	1.7529884203328014
91.25	1.7530558901536737
91.3	1.753123359974546
91.35	1.7531908297954182
91.4	1.7532582996162904
91.45	1.7533257694371627
91.5	1.753393239258035
91.55	1.7534607090789072
91.6	1.7535281788997796
91.65	1.7535956487206519
91.7	1.7536631185415241
91.75	1.7537305883623964
91.8	1.7537980581832686
91.85	1.7538655280041409
91.9	1.753932997825013
91.95	1.7540004676458854
92.0	1.7540679374667578
92.05	1.75413540728763
92.1	1.7542028771085023
92.15	1.7542703469293746
92.2	1.7543378167502468
92.25	1.754405286571119
92.3	1.7544727563919913
92.35	1.7545402262128635
92.4	1.754607696033736
92.45	1.7546751658546083
92.5	1.7547426356754805
92.55	1.7548101054963527
92.6	1.754877575317225
92.65	1.7549450451380972
92.7	1.7550125149589695
92.75	1.7550799847798417
92.8	1.755147454600714
92.85	1.7552149244215864
92.9	1.7552823942424587
92.95	1.755349864063331
93.0	1.7554173338842032
93.05	1.7554848037050754
93.1	1.7555522735259477
93.15	1.75561974334682
93.2	1.7556872131676922
93.25	1.7557546829885646
93.3	1.7558221528094369
93.35	1.7558896226303091
93.4	1.7559570924511814
93.45	1.7560245622720536
93.5	1.756024499742099
93.55	1.755999675350175
93.6	1.7559748509582507
93.65	1.7559500265663264
93.7	1.755925202174402
93.75	1.7559003777824778
93.8	1.7558755533905535
93.85	1.7558507289986292
93.9	1.755825904606705
93.95	1.7558010802147808
94.0	1.7557762558228565
94.05	1.7557514314309322
94.1	1.7557266070390078
94.15	1.7557017826470835
94.2	1.7556769582551592
94.25	1.7556521338632352
94.3	1.7556273094713108
94.35	1.7556024850793865
94.4	1.7555776606874622
94.45	1.755552836295538
94.5	1.7555280119036136
94.55	1.7555031875116895
94.6	1.7554783631197652
94.65	1.755453538727841
94.7	1.7554287143359166
94.75	1.7554038899439923
94.8	1.755379065552068
94.85	1.7553542411601437
94.9	1.7553294167682196
94.95	1.7553045923762953
95.0	1.755279767984371
95.05	1.7552549435924467
95.1	1.7552301192005224
95.15	1.755205294808598
95.2	1.755180470416674
95.25	1.7551556460247497
95.3	1.7551308216328254
95.35	1.755105997240901
95.4	1.7550811728489768
95.45	1.7550563484570525
95.5	1.7550315240651282
95.55	1.755006699673204
95.6	1.7549818752812798
95.65	1.7549570508893555
95.7	1.7549322264974312
95.75	1.7549074021055069
95.8	1.7548825777135826
95.85	1.7548577533216585
95.9	1.7548329289297342
95.95	1.7548081045378099
96.0	1.7547832801458856
96.05	1.7547364809413908
96.1	1.7546896817368958
96.15	1.754642882532401
96.2	1.754596083327906
96.25	1.7545492841234112
96.3	1.7545024849189164
96.35	1.7544556857144213
96.4	1.7544088865099265
96.45	1.7543620873054315
96.5	1.7543152881009367
96.55	1.754268488896442
96.6	1.754221689691947
96.65	1.7541748904874521
96.7	1.7541280912829573
96.75	1.7540812920784623
96.8	1.7540344928739675
96.85	1.7539876936694725
96.9	1.7539408944649777
96.95	1.753894095260483
97.0	1.7538472960559879
97.05	1.753800496851493
97.1	1.753753697646998
97.15	1.7537068984425033
97.2	1.7536600992380085
97.25	1.7536133000335135
97.3	1.7535665008290187
97.35	1.7535197016245236
97.4	1.7534729024200288
97.45	1.753426103215534
97.5	1.753379304011039
97.55	1.7533325048065442
97.6	1.7532857056020494
97.65	1.7532389063975544
97.7	1.7531921071930596
97.75	1.7531453079885646
97.8	1.7530985087840698
97.85	1.753051709579575
97.9	1.75300491037508
97.95	1.7529581111705852
98.0	1.7529113119660902
98.05	1.7528645127615954
98.1	1.7528177135571006
98.15	1.7527709143526056
98.2	1.7527241151481108
98.25	1.7526773159436158
98.3	1.752630516739121
98.35	1.7525837175346262
98.4	1.7525369183301311
98.45	1.7524901191256363
98.5	1.7524433199211416
98.55	1.7523965207166465
98.6	1.7523497215121517
98.65	1.7523029223076567
98.7	1.752256123103162
98.75	1.752226742957412
98.8	1.75222755584682
98.85	1.7522283687362283
98.9	1.7522291816256363
98.95	1.7522299945150444
99.0	1.7522308074044526
99.05	1.7522316202938606
99.1	1.7522324331832688
99.15	1.7522332460726768
99.2	1.7522340589620848
99.25	1.752234871851493
99.3	1.752235684740901
99.35	1.7522364976303093
99.4	1.7522373105197173
99.45	1.7522381234091253
99.5	1.7522389362985336
99.55	1.7522397491879416
99.6	1.7522405620773498
99.65	1.7522413749667578
99.7	1.752242187856166
99.75	1.752243000745574
99.8	1.752243813634982
99.85	1.7522446265243903
99.9	1.7522454394137983
99.95	1.7522462523032065
100.0	1.7522470651926145
100.05	1.7522478780820225
100.1	1.7522486909714308
100.15	1.7522495038608388
100.2	1.752250316750247
100.25	1.752251129639655
100.3	1.752251942529063
100.35	1.7522527554184713
100.4	1.7522535683078793
100.45	1.7522543811972875
100.5	1.7522551940866955
100.55	1.7522560069761037
100.6	1.7522568198655117
100.65	1.7522576327549197
100.7	1.752258445644328
100.75	1.752259258533736
100.8	1.7522600714231442
100.85	1.7522608843125522
100.9	1.7522616972019602
100.95	1.7522625100913685
101.0	1.7522633229807765
101.05	1.7522641358701847
101.1	1.7522649487595927
101.15	1.7522657616490007
101.2	1.752266574538409
101.25	1.752267387427817
101.3	1.7522682003172252
101.35	1.7522690132066332
101.4	1.7522698260960414
101.45	1.7522706389854494
101.5	1.7522714518748574
101.55	1.7522722647642657
101.6	1.7522730776536737
101.65	1.752273890543082
101.7	1.75227470343249
101.75	1.752275516321898
101.8	1.7522763292113062
101.85	1.7522771421007142
101.9	1.7522779549901224
101.95	1.7522787678795304
102.0	1.7522795807689384
102.05	1.7522803936583466
102.1	1.7522812065477547
102.15	1.7522820194371629
102.2	1.752282832326571
102.25	1.7522836452159791
102.3	1.7522844581053871
102.35	1.7522852709947951
102.4	1.7522860838842034
102.45	1.7522868967736114
102.5	1.7522877096630196
102.55	1.7522885225524276
102.6	1.7522893354418356
102.65	1.752283932118123
102.7	1.7522651400276887
102.75	1.7522463479372545
102.8	1.75222755584682
102.85	1.752208763756386
102.9	1.7521899716659515
102.95	1.7521711795755173
103.0	1.7521523874850828
103.05	1.7521335953946486
103.1	1.7521148033042144
103.15	1.75209601121378
103.2	1.7520772191233458
103.25	1.7520584270329114
103.3	1.7520396349424772
103.35	1.7520208428520427
103.4	1.7520020507616085
103.45	1.751983258671174
103.5	1.75196446658074
103.55	1.7519456744903057
103.6	1.7519268823998713
103.65	1.751908090309437
103.7	1.7518892982190026
103.75	1.7518705061285684
103.8	1.751851714038134
103.85	1.7518329219476998
103.9	1.7518141298572656
103.95	1.7517953377668312
104.0	1.751776545676397
104.05	1.7517577535859625
104.1	1.7517389614955283
104.15	1.751720169405094
104.2	1.7517013773146597
104.25	1.7516825852242253
104.3	1.751663793133791
104.35	1.7516450010433569
104.4	1.7516262089529224
104.45	1.7516074168624882
104.5	1.7515886247720538
104.55	1.7515698326816196
104.6	1.7515510405911852
104.65	1.751532248500751
104.7	1.7515134564103165
104.75	1.7514946643198823
104.8	1.7514758722294481
104.85	1.7514570801390137
104.9	1.7514382880485795
104.95	1.751419495958145
105.0	1.7514007038677109
105.05	1.7513819117772764
105.1	1.7513631196868422
105.15	1.751344327596408
105.2	1.7513255355059736
105.25	1.7513067434155394
105.3	1.751287951325105
105.35	1.7512691592346707
105.4	1.7512503671442363
105.45	1.7512315750538021
105.5	1.7512127829633677
105.55	1.7511939908729335
105.6	1.7511751987824993
105.65	1.7511564066920648
105.7	1.7511376146016306
105.75	1.7511188225111962
105.8	1.751100030420762
105.85	1.7510812383303276
105.9	1.7510624462398934
105.95	1.751043654149459
106.0	1.7511326677131471
106.05	1.751224376418188
106.1	1.7513160851232292
106.15	1.7514077938282702
106.2	1.7514995025333113
106.25	1.7515912112383525
106.3	1.7516829199433934
106.35	1.7517746286484346
106.4	1.7518663373534755
106.45	1.7519580460585167
106.5	1.7520497547635576
106.55	1.7521414634685988
106.6	1.75223317217364
106.65	1.7523248808786809
106.7	1.752416589583722
106.75	1.752508298288763
106.8	1.7526000069938041
106.85	1.7526917156988453
106.9	1.7527834244038862
106.95	1.7528751331089274
107.0	1.7529668418139683
107.05	1.7530585505190095
107.1	1.7531502592240504
107.15	1.7532419679290916
107.2	1.7533336766341328
107.25	1.7534253853391737
107.3	1.7535170940442149
107.35	1.7536088027492558
107.4	1.753700511454297
107.45	1.753792220159338
107.5	1.753883928864379
107.55	1.75397563756942
107.6	1.7540673462744611
107.65	1.7541590549795023
107.7	1.7542507636845432
107.75	1.7543424723895844
107.8	1.7544341810946253
107.85	1.7545258897996665
107.9	1.7546175985047077
107.95	1.7547093072097486
108.0	1.7548010159147898
108.05	1.7548927246198307
108.1	1.7549741930297307
108.15	1.7548559756843813
108.2	1.754737758339032
108.25	1.7546195409936827
108.3	1.7545013236483333
108.35	1.754383106302984
108.4	1.7542648889576347
108.45	1.7541466716122853
108.5	1.754028454266936
108.55	1.7539102369215867
108.6	1.753792019576237
108.65	1.7536738022308878
108.7	1.7535555848855384
108.75	1.753437367540189
108.8	1.7533191501948397
108.85	1.7532009328494904
108.9	1.753082715504141
108.95	1.7529644981587917
109.0	1.7528462808134424
109.05	1.752728063468093
109.1	1.7526098461227435
109.15	1.7524916287773942
109.2	1.7523734114320448
109.25	1.7522551940866955
109.3	1.7521369767413462
109.35	1.7520187593959968
109.4	1.7519005420506475
109.45	1.7517823247052982
109.5	1.7516641073599488
109.55	1.7515458900145995
109.6	1.7514276726692501
109.65	1.7513094553239008
109.7	1.7511912379785515
109.75	1.751073020633202
109.8	1.7509548032878526
109.85	1.7508365859425032
109.9	1.750718368597154
109.95	1.7506001512518046
110.0	1.7504819339064552
110.05	1.750363716561106
110.1	1.7502454992157566
110.15	1.7501272818704072
110.2	1.750009064525058
110.25	1.7498908471797086
110.3	1.7497726298343592
110.35	1.7496544124890097
110.4	1.7495361951436603
110.45	1.749417977798311
110.5	1.7492997604529616
110.55	1.7491815431076123
110.6	1.749063325762263
110.65	1.7489451084169136
110.7	1.7488268910715643
110.75	1.748708673726215
110.8	1.7485904563808656
110.85	1.7485456262873593
110.9	1.7486044017258666
110.95	1.748663177164374
111.0	1.7487219526028814
111.05	1.7487807280413887
111.1	1.7488395034798963
111.15	1.7488982789184035
111.2	1.7489570543569108
111.25	1.7490158297954184
111.3	1.7490746052339257
111.35	1.749133380672433
111.4	1.7491921561109405
111.45	1.7492509315494478
111.5	1.7493097069879553
111.55	1.7493684824264626
111.6	1.7494272578649699
111.65	1.7494860333034774
111.7	1.7495448087419847
111.75	1.749603584180492
111.8	1.7496623596189995
111.85	1.7497211350575068
111.9	1.7497799104960143
111.95	1.7498386859345216
112.0	1.749897461373029
112.05	1.7499562368115364
112.1	1.7500150122500437
112.15	1.7500737876885513
112.2	1.7501325631270586
112.25	1.7501913385655659
112.3	1.7502501140040734
112.35	1.7503088894425807
112.4	1.750367664881088
112.45	1.7504264403195955
112.5	1.7504852157581028
112.55	1.7505439911966103
112.6	1.7506027666351176
112.65	1.750661542073625
112.7	1.7507203175121324
112.75	1.7507790929506397
112.8	1.750837868389147
112.85	1.7508966438276545
112.9	1.7509554192661618
112.95	1.7510141947046693
113.0	1.7510729701431766
113.05	1.751131745581684
113.1	1.7511905210201915
113.15	1.7512492964586988
113.2	1.7513080718972063
113.25	1.7513668473357136
113.3	1.7514256227742209
113.35	1.7514843982127284
113.4	1.7515431736512357
113.45	1.751601949089743
113.5	1.7516607245282505
113.55	1.7517194999667578
113.6	1.7517782754052653
113.65	1.7518370508437726
113.7	1.75189582628228
113.75	1.7519546017207874
113.8	1.7520133771592947
113.85	1.7520721525978022
113.9	1.7521309280363095
113.95	1.7521897034748168
114.0	1.7522484789133244
114.05	1.7523072543518317
114.1	1.752366029790339
114.15	1.7524248052288465
114.2	1.7524835806673538
114.25	1.7525423561058613
114.3	1.7526011315443686
114.35	1.7526599069828759
114.4	1.7527186824213834
114.45	1.7527774578598907
114.5	1.752836233298398
114.55	1.7528950087369055
114.6	1.7529537841754128
114.65	1.7530125596139203
114.7	1.7530713350524276
114.75	1.753130110490935
114.8	1.7531888859294424
114.85	1.7532476613679497
114.9	1.7533064368064573
114.95	1.7533652122449646
115.0	1.7534239876834719
115.05	1.7534827631219794
115.1	1.7535415385604867
115.15	1.753600313998994
115.2	1.7536590894375015
115.25	1.7537178648760088
115.3	1.7537766403145163
115.35	1.7537803622061539
115.4	1.7537555378142298
115.45	1.7537307134223055
115.5	1.7537058890303812
115.55	1.7536810646384569
115.6	1.7536562402465325
115.65	1.7536314158546082
115.7	1.753606591462684
115.75	1.7535817670707596
115.8	1.7535569426788356
115.85	1.7535321182869112
115.9	1.753507293894987
115.95	1.7534824695030626
116.0	1.7534576451111383
116.05	1.753432820719214
116.1	1.7534079963272897
116.15	1.7533831719353656
116.2	1.7533583475434413
116.25	1.753333523151517
116.3	1.7533086987595927
116.35	1.7532838743676684
116.4	1.753259049975744
116.45	1.7532342255838198
116.5	1.7532094011918955
116.55	1.7531845767999714
116.6	1.7531597524080471
116.65	1.7531349280161228
116.7	1.7531101036241985
116.75	1.7530852792322742
116.8	1.75306045484035
116.85	1.7530356304484256
116.9	1.7530108060565015
116.95	1.7529859816645772
117.0	1.752961157272653
117.05	1.7529363328807286
117.1	1.7529115084888043
117.15	1.75288668409688
117.2	1.7528618597049557
117.25	1.7528370353130314
117.3	1.7528122109211073
117.35	1.752787386529183
117.4	1.7527625621372587
117.45	1.7527377377453344
117.5	1.75271291335341
117.55	1.7526880889614858
117.6	1.7526632645695615
117.65	1.7526384401776374
117.7	1.752613615785713
117.75	1.7525887913937888
117.8	1.7525639670018645
117.85	1.7525391426099401
117.9	1.7525649402941992
117.95	1.752594734458157
118.0	1.7526245286221147
118.05	1.7526543227860725
118.1	1.7526841169500302
118.15	1.752713911113988
118.2	1.7527437052779458
118.25	1.7527734994419033
118.3	1.752803293605861
118.35	1.7528330877698188
118.4	1.7528628819337766
118.45	1.7528926760977344
118.5	1.7529224702616921
118.55	1.7529522644256499
118.6	1.7529820585896077
118.65	1.7530118527535654
118.7	1.753041646917523
118.75	1.7530714410814807
118.8	1.7531012352454385
118.85	1.7531310294093962
118.9	1.753160823573354
118.95	1.7531906177373118
119.0	1.7532204119012695
119.05	1.7532502060652273
119.1	1.753280000229185
119.15	1.7533097943931428
119.2	1.7533395885571004
119.25	1.7533693827210581
119.3	1.753399176885016
119.35	1.7534289710489737
119.4	1.7534587652129314
119.45	1.7534885593768892
119.5	1.753518353540847
119.55	1.7535481477048047
119.6	1.7535779418687625
119.65	1.75360773603272
119.7	1.7536375301966778
119.75	1.7536673243606355
119.8	1.7536971185245933
119.85	1.753726912688551
119.9	1.7537567068525088
119.95	1.7537865010164666
120.0	1.7538162951804244
120.05	1.7538460893443821
120.1	1.7538758835083397
120.15	1.7539056776722974
120.2	1.7539354718362552
120.25	1.753965266000213
120.3	1.7539950601641707
120.35	1.7540248543281285
120.4	1.7540546484920863
120.45	1.754084442656044
120.5	1.7541142368200018
120.55	1.7541440309839595
120.6	1.754173825147917
120.65	1.7542036193118749
120.7	1.7542334134758326
120.75	1.7542632076397904
120.8	1.7542930018037481
120.85	1.754322795967706
120.9	1.7543525901316637
120.95	1.7543823842956214
121.0	1.7544121784595792
121.05	1.7544419726235367
121.1	1.7544717667874945
121.15	1.7545015609514523
121.2	1.75453135511541
121.25	1.7545611492793678
121.3	1.7545909434433256
121.35	1.7546207376072833
121.4	1.754650531771241
121.45	1.7546803259351988
121.5	1.7547101200991564
121.55	1.7547399142631142
121.6	1.754769708427072
121.65	1.7547995025910297
121.7	1.7548292967549874
121.75	1.7548590909189452
121.8	1.754888885082903
121.85	1.7549186792468607
121.9	1.7549484734108185
121.95	1.7549782675747763
122.0	1.7550080617387338
122.05	1.7550378559026916
122.1	1.7550676500666493
122.15	1.755097444230607
122.2	1.7551272383945649
122.25	1.7551570325585226
122.3	1.7551868267224804
122.35	1.7552059826380972
122.4	1.7551734670617734
122.45	1.7551409514854492
122.5	1.7551084359091254
122.55	1.7550759203328015
122.6	1.7550434047564774
122.65	1.7550108891801535
122.7	1.7549783736038294
122.75	1.7549458580275055
122.8	1.7549133424511814
122.85	1.7548808268748575
122.9	1.7548483112985334
122.95	1.7548157957222095
123.0	1.7547832801458856
123.05	1.7547507645695615
123.1	1.7547182489932376
123.15	1.7546857334169135
123.2	1.7546532178405896
123.25	1.7546207022642655
123.3	1.7545881866879416
123.35	1.7545556711116177
123.4	1.7545231555352936
123.45	1.7544906399589697
123.5	1.7544581243826456
123.55	1.7544256088063217
123.6	1.7543930932299976
123.65	1.7543605776536737
123.7	1.7543280620773496
123.75	1.7542955465010257
123.8	1.7542630309247018
123.85	1.7542305153483777
123.9	1.7541979997720538
123.95	1.7541654841957297
124.0	1.7541329686194058
124.05	1.7541004530430817
124.1	1.7540679374667578
124.15	1.754035421890434
124.2	1.7540029063141098
124.25	1.753970390737786
124.3	1.7539378751614618
124.35	1.753905359585138
124.4	1.7538728440088138
124.45	1.75384032843249
124.5	1.7538078128561658
124.55	1.753775297279842
124.6	1.753742781703518
124.65	1.753710266127194
124.7	1.75367775055087
124.75	1.753645234974546
124.8	1.753612719398222
124.85	1.753580203821898
124.9	1.753547688245574
124.95	1.7535151726692502
125.0	1.753482657092926
125.05	1.7534501415166022
125.1	1.753417625940278
125.15	1.7533851103639542
125.2	1.75335259478763
125.25	1.7533200792113062
125.3	1.753287563634982
125.35	1.7532550480586582
125.4	1.7532225324823343
125.45	1.7531900169060102
125.5	1.7531575013296863
125.55	1.7531249857533622
125.6	1.7530924701770383
125.65	1.7530599546007142
125.7	1.7530274390243903
125.75	1.7529949234480664
125.8	1.7529624078717423
125.85	1.7529298922954184
125.9	1.7528973767190943
125.95	1.7528648611427704
126.0	1.7528323455664463
126.05	1.7527998299901224
126.1	1.7527673144137983
126.15	1.7527347988374744
126.2	1.7527022832611505
126.25	1.752673832131867
126.3	1.7526746450212751
126.35	1.7526754579106831
126.4	1.7526762708000911
126.45	1.7526770836894994
126.5	1.7526778965789074
126.55	1.7526787094683156
126.6	1.7526795223577236
126.65	1.7526803352471316
126.7	1.7526811481365399
126.75	1.7526819610259479
126.8	1.752682773915356
126.85	1.752683586804764
126.9	1.7526843996941721
126.95	1.7526852125835803
127.0	1.7526860254729884
127.05	1.7526868383623966
127.1	1.7526876512518046
127.15	1.7526884641412126
127.2	1.7526892770306208
127.25	1.7526900899200288
127.3	1.752690902809437
127.35	1.752691715698845
127.4	1.752692528588253
127.45	1.7526933414776613
127.5	1.7526941543670693
127.55	1.7526949672564776
127.6	1.7526957801458856
127.65	1.7526965930352936
127.7	1.7526974059247018
127.75	1.7526982188141098
127.8	1.752699031703518
127.85	1.752699844592926
127.9	1.7527006574823343
127.95	1.7527014703717423
128.0	1.7527022832611503
128.05	1.7527030961505585
128.1	1.7527039090399665
128.15	1.7527047219293748
128.2	1.7527055348187828
128.25	1.7527063477081908
128.3	1.752707160597599
128.35	1.752707973487007
128.4	1.7527087863764153
128.45	1.7527095992658233
128.5	1.7527104121552313
128.55	1.7527112250446395
128.6	1.7527120379340475
128.65	1.7527128508234557
128.7	1.7527136637128637
128.75	1.7527144766022718
128.8	1.75271528949168
128.85	1.752716102381088
128.9	1.7527169152704962
128.95	1.7527177281599042
129.0	1.7527185410493122
129.05	1.7527193539387205
129.1	1.7527201668281285
129.15	1.7527209797175367
129.2	1.7527217926069447
129.25	1.7527226054963527
129.3	1.752723418385761
129.35	1.752724231275169
129.4	1.7527376891109254
129.45	1.752757017814629
129.5	1.7527763465183328
129.55	1.7527956752220364
129.6	1.7528150039257402
129.65	1.7528343326294438
129.7	1.7528536613331476
129.75	1.7528729900368512
129.8	1.752892318740555
129.85	1.7529116474442588
129.9	1.7529309761479623
129.95	1.7529503048516661
130.0	1.7529696335553697
130.05	1.7529889622590735
130.1	1.753008290962777
130.15	1.753027619666481
130.2	1.7530469483701845
130.25	1.7530662770738883
130.3	1.7530856057775919
130.35	1.7531049344812957
130.4	1.7531242631849995
130.45	1.753143591888703
130.5	1.7531629205924069
130.55	1.7531822492961104
130.6	1.7532015779998142
130.65	1.7532209067035178
130.7	1.7532402354072216
130.75	1.7532595641109252
130.8	1.753278892814629
130.85	1.7532982215183328
130.9	1.7533175502220364
130.95	1.7533368789257402
131.0	1.7533562076294438
131.05	1.7533755363331476
131.1	1.7533948650368512
131.15	1.753414193740555
131.2	1.7534335224442585
131.25	1.7534528511479623
131.3	1.7534721798516661
131.35	1.7534915085553697
131.4	1.7535108372590735
131.45	1.753530165962777
131.5	1.753549494666481
131.55	1.7535688233701845
131.6	1.7535881520738883
131.65	1.7536074807775919
131.7	1.7536268094812957
131.75	1.7536461381849995
131.8	1.753665466888703
131.85	1.7536847955924069
131.9	1.7537041242961104
131.95	1.7537234529998142
132.0	1.7537427817035178
132.05	1.7537621104072216
132.1	1.7537814391109252
132.15	1.753800767814629
132.2	1.7538200965183326
132.25	1.7538394252220364
132.3	1.7538587539257402
132.35	1.7538780826294438
132.4	1.7538974113331476
132.45	1.7539167400368512
132.5	1.753936068740555
132.55	1.7539553974442585
132.6	1.7539747261479623
132.65	1.753994054851666
132.7	1.7540133835553697
132.75	1.7540327122590735
132.8	1.7540520409627771
132.85	1.754071369666481
132.9	1.7540744405820226
132.95	1.754056737657135
133.0	1.7540390347322474
133.05	1.75402133180736
133.1	1.7540036288824725
133.15	1.753985925957585
133.2	1.7539682230326976
133.25	1.75395052010781
133.3	1.7539328171829225
133.35	1.753915114258035
133.4	1.7538974113331476
133.45	1.75387970840826
133.5	1.7538620054833725
133.55	1.7538443025584851
133.6	1.7538265996335975
133.65	1.75380889670871
133.7	1.7537911937838224
133.75	1.753773490858935
133.8	1.7537557879340475
133.85	1.75373808500916
133.9	1.7537203820842724
133.95	1.753702679159385
134.0	1.7536849762344975
134.05	1.75366727330961
134.1	1.7536495703847226
134.15	1.753631867459835
134.2	1.7536141645349475
134.25	1.7535964616100599
134.3	1.7535787586851725
134.35	1.753561055760285
134.4	1.7535433528353974
134.45	1.75352564991051
134.5	1.7535079469856225
134.55	1.753490244060735
134.6	1.7534725411358474
134.65	1.75345483821096
134.7	1.7534371352860725
134.75	1.753419432361185
134.8	1.7534017294362974
134.85	1.75338402651141
134.9	1.7533663235865224
134.95	1.7533486206616349
135.0	1.7533309177367475
135.05	1.75331321481186
135.1	1.7532955118869724
135.15	1.7532778089620848
135.2	1.7532601060371975
135.25	1.75324240311231
135.3	1.7532247001874224
135.35	1.7532069972625348
135.4	1.7531892943376475
135.45	1.75317159141276
135.5	1.7531538884878723
135.55	1.753136185562985
135.6	1.7531184826380974
135.65	1.7531007797132099
135.7	1.7530830767883223
135.75	1.753065373863435
135.8	1.7530476709385474
135.85	1.7530299680136598
135.9	1.7530122650887725
135.95	1.752994562163885
136.0	1.7529768592389974
136.05	1.7529591563141098
136.1	1.7529414533892225
136.15	1.752923750464335
136.2	1.7529060475394473
136.25	1.7528883446145598
136.3	1.7528706416896724
136.35	1.7528529387647849
136.4	1.7528350233197907
136.45	1.7528162312293565
136.5	1.752797439138922
136.55	1.7527786470484878
136.6	1.7527598549580534
136.65	1.7527410628676192
136.7	1.7527222707771848
136.75	1.7527034786867506
136.8	1.7526846865963162
136.85	1.752665894505882
136.9	1.7526471024154475
136.95	1.7526283103250133
137.0	1.752609518234579
137.05	1.7525907261441447
137.1	1.7525719340537105
137.15	1.752553141963276
137.2	1.7525343498728418
137.25	1.7525155577824074
137.3	1.7524967656919732
137.35	1.7524779736015388
137.4	1.7524591815111046
137.45	1.7524403894206702
137.5	1.752421597330236
137.55	1.7524028052398017
137.6	1.7523840131493673
137.65	1.752365221058933
137.7	1.7523464289684987
137.75	1.7523276368780645
137.8	1.75230884478763
137.85	1.7522900526971958
137.9	1.7522712606067614
137.95	1.7522524685163272
138.0	1.7522336764258928
138.05	1.7522148843354586
138.1	1.7521960922450242
138.15	1.75217730015459
138.2	1.7521585080641557
138.25	1.7521397159737213
138.3	1.752120923883287
138.35	1.7521021317928527
138.4	1.7520833397024185
138.45	1.752064547611984
138.5	1.7520457555215498
138.55	1.7520269634311154
138.6	1.7520081713406812
138.65	1.751989379250247
138.7	1.7519705871598126
138.75	1.7519517950693784
138.8	1.751933002978944
138.85	1.7519142108885097
138.9	1.7518954187980753
138.95	1.751876626707641
139.0	1.7518578346172067
139.05	1.7518390425267725
139.1	1.751820250436338
139.15	1.7518014583459038
139.2	1.7517826662554694
139.25	1.7517638741650352
139.3	1.751745082074601
139.35	1.7517262899841666
139.4	1.7517074978937324
139.45	1.751688705803298
139.5	1.7516699137128637
139.55	1.7516511216224293
139.6	1.751632329531995
139.65	1.7516135374415607
139.7	1.7515947453511265
139.75	1.7516185538820792
139.8	1.7516496653766984
139.85	1.7516807768713174
139.9	1.7517118883659364
139.95	1.7517429998605556
140.0	1.7517741113551746
140.05	1.7518052228497938
140.1	1.7518363343444128
140.15	1.751867445839032
140.2	1.751898557333651
140.25	1.7519296688282702
140.3	1.7519607803228892
140.35	1.7519918918175084
140.4	1.7520230033121273
140.45	1.7520541148067466
140.5	1.7520852263013655
140.55	1.7521163377959847
140.6	1.7521474492906037
140.65	1.752178560785223
140.7	1.752209672279842
140.75	1.7522407837744611
140.8	1.7522718952690801
140.85	1.752303006763699
140.9	1.7523341182583183
140.95	1.7523652297529373
141.0	1.7523963412475565
141.05	1.7524274527421755
141.1	1.7524585642367947
141.15	1.7524896757314137
141.2	1.7525207872260329
141.25	1.7525518987206519
141.3	1.752583010215271
141.35	1.75261412170989
141.4	1.7526452332045093
141.45	1.7526763446991283
141.5	1.7527074561937475
141.55	1.7527385676883664
141.6	1.7527696791829854
141.65	1.7528007906776046
141.7	1.7528319021722236
141.75	1.7528630136668428
141.8	1.7528941251614618
141.85	1.752925236656081
141.9	1.7529563481507
141.95	1.7529874596453192
142.0	1.7530185711399382
142.05	1.7530496826345574
142.1	1.7530807941291764
142.15	1.7531119056237956
142.2	1.7531430171184146
142.25	1.7531741286130338
142.3	1.7532052401076528
142.35	1.753236351602272
142.4	1.753267463096891
142.45	1.75329857459151
142.5	1.7533296860861292
142.55	1.7533607975807481
142.6	1.7533919090753673
142.65	1.7534230205699863
142.7	1.7534541320646055
142.75	1.7534852435592245
142.8	1.7535163550538437
142.85	1.7535474665484627
142.9	1.753578578043082
142.95	1.753609689537701
143.0	1.7536408010323201
143.05	1.753671912526939
143.1	1.7537030240215583
143.15	1.7537341355161773
143.2	1.7537652470107965
143.25	1.7537963585054155
143.3	1.7538274700000345
143.35	1.7538585814946537
143.4	1.7538896929892727
143.45	1.7539208044838919
143.5	1.7539519159785109
143.55	1.75398302747313
143.6	1.754014138967749
143.65	1.7540452504623683
143.7	1.7540763619569872
143.75	1.7541074734516064
143.8	1.7541385849462254
143.85	1.7541696964408446
143.9	1.7542008079354636
143.95	1.7542319194300828
144.0	1.7542630309247018
144.05	1.7542894810954424
144.1	1.7543159312661827
144.15	1.7543423814369232
144.2	1.7543688316076638
144.25	1.7543952817784043
144.3	1.7544217319491446
144.35	1.7544481821198852
144.4	1.7544746322906257
144.45	1.754501082461366
144.5	1.7545275326321066
144.55	1.7545539828028471
144.6	1.7545804329735875
144.65	1.754606883144328
144.7	1.7546333333150685
144.75	1.7546597834858089
144.8	1.7546862336565494
144.85	1.75471268382729
144.9	1.7547391339980303
144.95	1.7547655841687708
145.0	1.75
145.05	1.75
145.1	1.75
145.15	1.75
145.2	1.75
145.25	1.75
145.3	1.75
145.35	1.75
145.4	1.75
145.45	1.75
145.5	1.75
145.55	1.75
145.6	1.75
145.65	1.75
145.7	1.75
145.75	1.75
145.8	1.75
145.85	1.75
145.9	1.75
145.95	1.75
146.0	1.75
146.05	1.75
146.1	1.75
146.15	1.75
146.2	1.75
146.25	1.75
146.3	1.75
146.35	1.75
146.4	1.75
146.45	1.75
146.5	1.75
146.55	1.75
146.6	1.75
146.65	1.75
146.7	1.75
146.75	1.75
146.8	1.75
146.85	1.75
146.9	1.75
146.95	1.75
147.0	1.75
147.05	1.75
147.1	1.75
147.15	1.75
147.2	1.75
147.25	1.75
147.3	1.75
147.35	1.75
147.4	1.75
147.45	1.75
147.5	1.75
147.55	1.75
147.6	1.75
147.65	1.75
147.7	1.75
147.75	1.75
147.8	1.75
147.85	1.75
147.9	1.75
147.95	1.75
148.0	1.75
148.05	1.75
148.1	1.75
148.15	1.75
148.2	1.75
148.25	1.75
148.3	1.75
148.35	1.75
148.4	1.75
148.45	1.75
148.5	1.75
148.55	1.75
148.6	1.75
148.65	1.75
148.7	1.75
148.75	1.75
148.8	1.75
148.85	1.75
148.9	1.75
148.95	1.75
149.0	1.75
149.05	1.75
149.1	1.75
149.15	1.75
149.2	1.75
149.25	1.75
149.3	1.75
149.35	1.75
149.4	1.75
149.45	1.75
149.5	1.75
149.55	1.75
149.6	1.75
149.65	1.75
149.7	1.75
149.75	1.75
149.8	1.75
149.85	1.75
149.9	1.75
149.95	1.75
