0 1.35338
0.1 1.35338
0.2 1.35338
0.3 1.35338
0.4 1.35338
0.5 1.35338
0.6 1.35338
0.7 1.35338
0.8 1.35338
0.9 1.35338
1 1.35338
1.1 1.35338
1.2 1.35338
1.3 1.35338
1.4 1.35338
1.5 1.35338
1.6 1.35338
1.7 1.35338
1.8 1.35338
1.9 1.35338
2 1.35338
2.1 1.35338
2.2 1.35338
2.3 1.35338
2.4 1.35338
2.5 1.35338
2.6 1.35338
2.7 1.35338
2.8 1.35338
2.9 1.35338
3 1.35338
3.1 1.35338
3.2 1.35338
3.3 1.35338
3.4 1.35338
3.5 1.35338
3.6 1.35338
3.7 1.35338
3.8 1.35338
3.9 1.35338
4 1.35338
4.1 1.35338
4.2 1.35338
4.3 1.35338
4.4 1.35338
4.5 1.35338
4.6 1.35371
4.7 1.35454
4.8 1.35566
4.9 1.35686
5 1.3579
5.1 1.35883
5.2 1.35978
5.3 1.36072
5.4 1.36159
5.5 1.36235
5.6 1.36286
5.7 1.36309
5.8 1.36315
5.9 1.36317
6 1.36328
6.1 1.3632
6.2 1.36285
6.3 1.36264
6.4 1.36302
6.5 1.3644
6.6 1.36642
6.7 1.36845
6.8 1.37047
6.9 1.3725
7 1.37452
7.1 1.37655
7.2 1.37857
7.3 1.38059
7.4 1.38262
7.5 1.38464
7.6 1.38622
7.7 1.38709
7.8 1.38755
7.9 1.38792
8 1.38849
8.1 1.38931
8.2 1.3902
8.3 1.39105
8.4 1.39179
8.5 1.39233
8.6 1.39275
8.7 1.39316
8.8 1.39358
8.9 1.39399
9 1.3944
9.1 1.39482
9.2 1.39523
9.3 1.39565
9.4 1.39606
9.5 1.39647
9.6 1.39625
9.7 1.39602
9.8 1.39579
9.9 1.39556
10 1.39533
10.1 1.39511
10.2 1.39488
10.3 1.39465
10.4 1.39442
10.5 1.39419
10.6 1.39614
10.7 1.39808
10.8 1.40002
10.9 1.40197
11 1.40391
11.1 1.40585
11.2 1.4078
11.3 1.40974
11.4 1.41168
11.5 1.41363
11.6 1.41517
11.7 1.4161
11.8 1.41667
11.9 1.41716
12 1.41781
12.1 1.41864
12.2 1.41948
12.3 1.42031
12.4 1.42113
12.5 1.42194
12.6 1.42264
12.7 1.42323
12.8 1.42373
12.9 1.42422
13 1.42472
13.1 1.4253
13.2 1.42591
13.3 1.42647
13.4 1.42692
13.5 1.42716
13.6 1.42719
13.7 1.42707
13.8 1.42686
13.9 1.42665
14 1.42649
14.1 1.42635
14.2 1.42618
14.3 1.42604
14.4 1.42598
14.5 1.42606
14.6 1.4263
14.7 1.42665
14.8 1.42706
14.9 1.42749
15 1.4279
15.1 1.42828
15.2 1.42864
15.3 1.42902
15.4 1.42944
15.5 1.42992
15.6 1.4305
15.7 1.43117
15.8 1.43189
15.9 1.43261
16 1.4333
16.1 1.43397
16.2 1.43467
16.3 1.43533
16.4 1.43593
16.5 1.43642
16.6 1.43678
16.7 1.43703
16.8 1.43722
16.9 1.43742
17 1.43765
17.1 1.43793
17.2 1.4382
17.3 1.43848
17.4 1.43878
17.5 1.43912
17.6 1.43951
17.7 1.43997
17.8 1.44047
17.9 1.44099
18 1.44151
18.1 1.44202
18.2 1.44255
18.3 1.4431
18.4 1.44369
18.5 1.44432
18.6 1.44506
18.7 1.44593
18.8 1.44685
18.9 1.44777
19 1.44863
19.1 1.44946
19.2 1.45029
19.3 1.45105
19.4 1.45167
19.5 1.45207
19.6 1.45225
19.7 1.45232
19.8 1.45233
19.9 1.45234
20 1.45241
20.1 1.45253
20.2 1.45266
20.3 1.45279
20.4 1.45296
20.5 1.45317
20.6 1.45346
20.7 1.45381
20.8 1.45422
20.9 1.45466
21 1.45511
21.1 1.45557
21.2 1.45606
21.3 1.45659
21.4 1.45714
21.5 1.45772
21.6 1.45843
21.7 1.45928
21.8 1.4602
21.9 1.4611
22 1.46191
22.1 1.4626
22.2 1.4632
22.3 1.46367
22.4 1.46397
22.5 1.46406
22.6 1.46385
22.7 1.46339
22.8 1.46281
22.9 1.46227
23 1.4619
23.1 1.46165
23.2 1.46139
23.3 1.46122
23.4 1.46123
23.5 1.46151
23.6 1.462
23.7 1.46255
23.8 1.46314
23.9 1.46372
24 1.46424
24.1 1.46473
24.2 1.46522
24.3 1.46571
24.4 1.46617
24.5 1.46661
24.6 1.46699
24.7 1.46734
24.8 1.46767
24.9 1.46801
25 1.46838
25.1 1.46877
25.2 1.46917
25.3 1.46958
25.4 1.47003
25.5 1.47053
25.6 1.47106
25.7 1.47161
25.8 1.47217
25.9 1.47273
26 1.47327
26.1 1.47381
26.2 1.47434
26.3 1.47488
26.4 1.47541
26.5 1.47594
26.6 1.47646
26.7 1.47696
26.8 1.47746
26.9 1.47796
27 1.47847
27.1 1.47902
27.2 1.4796
27.3 1.48022
27.4 1.48089
27.5 1.48159
27.6 1.48235
27.7 1.48317
27.8 1.48402
27.9 1.48485
28 1.48564
28.1 1.48639
28.2 1.48714
28.3 1.48786
28.4 1.48853
28.5 1.48913
28.6 1.48968
28.7 1.49022
28.8 1.49075
28.9 1.49127
29 1.49178
29.1 1.49228
29.2 1.49279
29.3 1.49329
29.4 1.49379
29.5 1.49429
29.6 1.49479
29.7 1.49527
29.8 1.49573
29.9 1.49619
30 1.49664
30.1 1.49701
30.2 1.49727
30.3 1.49742
30.4 1.4975
30.5 1.49753
30.6 1.49742
30.7 1.49713
30.8 1.49677
30.9 1.49644
31 1.49625
31.1 1.4962
31.2 1.49625
31.3 1.49644
31.4 1.49678
31.5 1.49729
31.6 1.49809
31.7 1.49918
31.8 1.50038
31.9 1.50154
32 1.50249
32.1 1.50329
32.2 1.50404
32.3 1.50465
32.4 1.50504
32.5 1.50512
32.6 1.5049
32.7 1.50449
32.8 1.504
32.9 1.50354
33 1.50319
33.1 1.5029
33.2 1.50259
33.3 1.50235
33.4 1.50226
33.5 1.50242
33.6 1.50281
33.7 1.50333
33.8 1.5039
33.9 1.50446
34 1.50497
34.1 1.50543
34.2 1.50589
34.3 1.50634
34.4 1.50672
34.5 1.50702
34.6 1.50717
34.7 1.50718
34.8 1.50713
34.9 1.50708
35 1.50711
35.1 1.50717
35.2 1.50723
35.3 1.50733
35.4 1.50752
35.5 1.50785
35.6 1.50828
35.7 1.50875
35.8 1.50925
35.9 1.50976
36 1.51027
36.1 1.51077
36.2 1.51128
36.3 1.5118
36.4 1.51232
36.5 1.51286
36.6 1.51344
36.7 1.51408
36.8 1.51475
36.9 1.51542
37 1.51606
37.1 1.51671
37.2 1.51739
37.3 1.51799
37.4 1.51846
37.5 1.5187
37.6 1.51874
37.7 1.51868
37.8 1.51858
37.9 1.51847
38 1.5184
38.1 1.51837
38.2 1.51834
38.3 1.51831
38.4 1.5183
38.5 1.51831
38.6 1.5184
38.7 1.51857
38.8 1.5188
38.9 1.51906
39 1.51932
39.1 1.51954
39.2 1.51978
39.3 1.52007
39.4 1.52047
39.5 1.52105
39.6 1.5218
39.7 1.52266
39.8 1.52358
39.9 1.52449
40 1.52535
40.1 1.52617
40.2 1.527
40.3 1.5278
40.4 1.52856
40.5 1.52925
40.6 1.52984
40.7 1.53032
40.8 1.53073
40.9 1.53111
41 1.53149
41.1 1.53192
41.2 1.53237
41.3 1.53276
41.4 1.53301
41.5 1.53306
41.6 1.53293
41.7 1.53271
41.8 1.53245
41.9 1.53219
42 1.53197
42.1 1.53178
42.2 1.53158
42.3 1.53138
42.4 1.53122
42.5 1.53111
42.6 1.53105
42.7 1.531
42.8 1.53097
42.9 1.53094
43 1.53091
43.1 1.53088
43.2 1.53085
43.3 1.53082
43.4 1.5308
43.5 1.53078
43.6 1.53078
43.7 1.5308
43.8 1.53085
43.9 1.5309
44 1.53094
44.1 1.53097
44.2 1.53098
44.3 1.53104
44.4 1.53119
44.5 1.53148
44.6 1.53191
44.7 1.53241
44.8 1.53294
44.9 1.53347
45 1.53397
45.1 1.53445
45.2 1.53492
45.3 1.53539
45.4 1.53585
45.5 1.5363
45.6 1.53672
45.7 1.53711
45.8 1.53748
45.9 1.53783
46 1.53818
46.1 1.53852
46.2 1.53884
46.3 1.53914
46.4 1.5394
46.5 1.53963
46.6 1.53977
46.7 1.53983
46.8 1.53986
46.9 1.53989
47 1.53997
47.1 1.54009
47.2 1.54023
47.3 1.54042
47.4 1.54066
47.5 1.54097
47.6 1.54141
47.7 1.54196
47.8 1.54257
47.9 1.54317
48 1.54371
48.1 1.54419
48.2 1.54467
48.3 1.54509
48.4 1.54543
48.5 1.54565
48.6 1.5457
48.7 1.54558
48.8 1.54539
48.9 1.5452
49 1.5451
49.1 1.54506
49.2 1.545
49.3 1.54501
49.4 1.54513
49.5 1.54544
49.6 1.54594
49.7 1.54657
49.8 1.54726
49.9 1.54795
50 1.54856
50.1 1.54915
50.2 1.54975
50.3 1.55031
50.4 1.5508
50.5 1.55116
50.6 1.5514
50.7 1.55159
50.8 1.55174
50.9 1.5519
51 1.55209
51.1 1.55231
51.2 1.55252
51.3 1.55274
51.4 1.55297
51.5 1.55323
51.6 1.55354
51.7 1.5539
51.8 1.55429
51.9 1.55467
52 1.55503
52.1 1.55536
52.2 1.55568
52.3 1.55596
52.4 1.5562
52.5 1.55638
52.6 1.55643
52.7 1.55638
52.8 1.55627
52.9 1.55616
53 1.55612
53.1 1.55612
53.2 1.55612
53.3 1.55617
53.4 1.55628
53.5 1.5565
53.6 1.55685
53.7 1.5573
53.8 1.5578
53.9 1.55829
54 1.55872
54.1 1.55912
54.2 1.55951
54.3 1.55988
54.4 1.56019
54.5 1.56042
54.6 1.56057
54.7 1.56066
54.8 1.56072
54.9 1.56075
55 1.56078
55.1 1.5608
55.2 1.56083
55.3 1.56084
55.4 1.56084
55.5 1.56081
55.6 1.56075
55.7 1.56065
55.8 1.56054
55.9 1.56044
56 1.56036
56.1 1.56031
56.2 1.56029
56.3 1.56028
56.4 1.56029
56.5 1.5603
56.6 1.56035
56.7 1.56045
56.8 1.56059
56.9 1.56076
57 1.56096
57.1 1.56121
57.2 1.56154
57.3 1.56194
57.4 1.56242
57.5 1.56297
57.6 1.56364
57.7 1.56441
57.8 1.56522
57.9 1.566
58 1.5667
58.1 1.56734
58.2 1.56795
58.3 1.56851
58.4 1.56898
58.5 1.56931
58.6 1.56952
58.7 1.5697
58.8 1.56985
58.9 1.57002
59 1.57022
59.1 1.57046
59.2 1.57069
59.3 1.57092
59.4 1.57116
59.5 1.57141
59.6 1.57166
59.7 1.57192
59.8 1.57219
59.9 1.57248
60 1.5728
60.1 1.57317
60.2 1.5736
60.3 1.57406
60.4 1.57454
60.5 1.57501
60.6 1.57552
60.7 1.57609
60.8 1.57667
60.9 1.57719
61 1.5776
61.1 1.57788
61.2 1.57806
61.3 1.57817
61.4 1.57826
61.5 1.57834
61.6 1.57841
61.7 1.57843
61.8 1.57846
61.9 1.57853
62 1.57868
62.1 1.57891
62.2 1.57918
62.3 1.57947
62.4 1.57978
62.5 1.58009
62.6 1.58044
62.7 1.58084
62.8 1.58124
62.9 1.58155
63 1.58174
63.1 1.58182
63.2 1.58189
63.3 1.58195
63.4 1.58201
63.5 1.58207
63.6 1.58213
63.7 1.58219
63.8 1.58224
63.9 1.58231
64 1.58239
64.1 1.58263
64.2 1.58309
64.3 1.58369
64.4 1.5843
64.5 1.58483
64.6 1.58534
64.7 1.5859
64.8 1.58641
64.9 1.58677
65 1.5869
65.1 1.58686
65.2 1.5868
65.3 1.58673
65.4 1.58666
65.5 1.5866
65.6 1.58654
65.7 1.58648
65.8 1.58642
65.9 1.58637
66 1.58633
66.1 1.58631
66.2 1.58629
66.3 1.58628
66.4 1.58627
66.5 1.58625
66.6 1.58623
66.7 1.58621
66.8 1.58619
66.9 1.58617
67 1.58615
67.1 1.58611
67.2 1.58606
67.3 1.586
67.4 1.58595
67.5 1.58589
67.6 1.58584
67.7 1.58579
67.8 1.58575
67.9 1.58576
68 1.58584
68.1 1.58601
68.2 1.58626
68.3 1.58658
68.4 1.58691
68.5 1.58723
68.6 1.58752
68.7 1.5878
68.8 1.58811
68.9 1.58846
69 1.58889
69.1 1.58947
69.2 1.59019
69.3 1.59098
69.4 1.59178
69.5 1.59253
69.6 1.59329
69.7 1.59411
69.8 1.59487
69.9 1.59544
70 1.5957
70.1 1.59574
70.2 1.59572
70.3 1.59566
70.4 1.5956
70.5 1.59554
70.6 1.5955
70.7 1.59546
70.8 1.59542
70.9 1.59537
71 1.59528
71.1 1.59515
71.2 1.59497
71.3 1.59477
71.4 1.59458
71.5 1.59439
71.6 1.59422
71.7 1.59406
71.8 1.5939
71.9 1.59375
72 1.59361
72.1 1.59353
72.2 1.59351
72.3 1.59354
72.4 1.59358
72.5 1.59361
72.6 1.5936
72.7 1.59358
72.8 1.59361
72.9 1.59376
73 1.59408
73.1 1.59465
73.2 1.59543
73.3 1.59631
73.4 1.5972
73.5 1.59801
73.6 1.59881
73.7 1.59967
73.8 1.60048
73.9 1.60111
74 1.60145
74.1 1.60158
74.2 1.60168
74.3 1.60175
74.4 1.60183
74.5 1.60192
74.6 1.60202
74.7 1.60212
74.8 1.60222
74.9 1.60233
75 1.60244
75.1 1.60257
75.2 1.60274
75.3 1.60292
75.4 1.60312
75.5 1.60332
75.6 1.60352
75.7 1.60376
75.8 1.60403
75.9 1.60436
76 1.60476
76.1 1.60529
76.2 1.60598
76.3 1.60674
76.4 1.6075
76.5 1.60817
76.6 1.6088
76.7 1.60942
76.8 1.60998
76.9 1.6104
77 1.61062
77.1 1.61062
77.2 1.61049
77.3 1.6103
77.4 1.61011
77.5 1.60999
77.6 1.6099
77.7 1.60978
77.8 1.60971
77.9 1.60973
78 1.60991
78.1 1.61022
78.2 1.61057
78.3 1.61096
78.4 1.61136
78.5 1.61177
78.6 1.61216
78.7 1.61257
78.8 1.61297
78.9 1.61338
79 1.6138
79.1 1.61426
79.2 1.61479
79.3 1.61535
79.4 1.61591
79.5 1.61642
79.6 1.6169
79.7 1.6173
79.8 1.6176
79.9 1.61775
80 1.6177
80.1 1.61739
80.2 1.61686
80.3 1.61622
80.4 1.6156
80.5 1.61511
80.6 1.6147
80.7 1.61428
80.8 1.61392
80.9 1.6137
81 1.61371
81.1 1.61388
81.2 1.61412
81.3 1.61441
81.4 1.61473
81.5 1.61506
81.6 1.61537
81.7 1.61568
81.8 1.616
81.9 1.61636
82 1.61679
82.1 1.61727
82.2 1.6178
82.3 1.61834
82.4 1.61888
82.5 1.61939
82.6 1.61988
82.7 1.62037
82.8 1.62085
82.9 1.62132
83 1.62179
83.1 1.62224
83.2 1.62266
83.3 1.62305
83.4 1.62342
83.5 1.62378
83.6 1.6241
83.7 1.62434
83.8 1.62453
83.9 1.62466
84 1.62474
84.1 1.6247
84.2 1.62451
84.3 1.62425
84.4 1.62402
84.5 1.6239
84.6 1.6239
84.7 1.62398
84.8 1.62417
84.9 1.62449
85 1.62497
85.1 1.62569
85.2 1.62662
85.3 1.62765
85.4 1.62863
85.5 1.62945
85.6 1.63013
85.7 1.63074
85.8 1.63129
85.9 1.63175
86 1.63211
86.1 1.63226
86.2 1.63219
86.3 1.63204
86.4 1.63194
86.5 1.63202
86.6 1.6323
86.7 1.63269
86.8 1.63319
86.9 1.63377
87 1.63444
87.1 1.63537
87.2 1.63661
87.3 1.63794
87.4 1.63916
87.5 1.64004
87.6 1.64058
87.7 1.64093
87.8 1.64108
87.9 1.64107
88 1.6409
88.1 1.64053
88.2 1.63998
88.3 1.63938
88.4 1.63888
88.5 1.6386
88.6 1.6385
88.7 1.63845
88.8 1.63848
88.9 1.6386
89 1.63881
89.1 1.63913
89.2 1.63952
89.3 1.63992
89.4 1.64029
89.5 1.64057
89.6 1.64078
89.7 1.64096
89.8 1.64113
89.9 1.64128
90 1.64142
90.1 1.64151
90.2 1.64152
90.3 1.64153
90.4 1.64156
90.5 1.64168
90.6 1.64193
90.7 1.64232
90.8 1.64281
90.9 1.64334
91 1.64388
91.1 1.64451
91.2 1.64528
91.3 1.64609
91.4 1.64682
91.5 1.64739
91.6 1.6477
91.7 1.64778
91.8 1.64768
91.9 1.64745
92 1.64714
92.1 1.64668
92.2 1.64604
92.3 1.64536
92.4 1.64477
92.5 1.6444
92.6 1.64424
92.7 1.6442
92.8 1.64427
92.9 1.64445
93 1.64474
93.1 1.64517
93.2 1.64571
93.3 1.64627
93.4 1.64677
93.5 1.64715
93.6 1.64743
93.7 1.64767
93.8 1.64787
93.9 1.64804
94 1.64817
94.1 1.64822
94.2 1.6482
94.3 1.64816
94.4 1.64816
94.5 1.64825
94.6 1.64844
94.7 1.64868
94.8 1.64898
94.9 1.6493
95 1.64965
95.1 1.65007
95.2 1.65057
95.3 1.65108
95.4 1.65156
95.5 1.65193
95.6 1.65217
95.7 1.65229
95.8 1.65235
95.9 1.65236
96 1.65237
96.1 1.65229
96.2 1.65206
96.3 1.6518
96.4 1.6516
96.5 1.65158
96.6 1.6519
96.7 1.65262
96.8 1.65361
96.9 1.65476
97 1.65594
97.1 1.65738
97.2 1.65918
97.3 1.66107
97.4 1.66278
97.5 1.66405
97.6 1.6648
97.7 1.66515
97.8 1.66514
97.9 1.66481
98 1.66422
98.1 1.66332
98.2 1.66217
98.3 1.66095
98.4 1.65987
98.5 1.6591
98.6 1.65858
98.7 1.6581
98.8 1.65771
98.9 1.65746
99 1.65737
99.1 1.65741
99.2 1.65751
99.3 1.65761
99.4 1.65769
99.5 1.65771
99.6 1.65768
99.7 1.65764
99.8 1.6576
99.9 1.65755
100 1.6575
100.1 1.65742
100.2 1.65729
100.3 1.65715
100.4 1.65704
100.5 1.65699
100.6 1.65729
100.7 1.65805
100.8 1.65914
100.9 1.66038
101 1.66163
101.1 1.66301
101.2 1.66462
101.3 1.66627
101.4 1.66777
101.5 1.66891
101.6 1.66971
101.7 1.67031
101.8 1.67074
101.9 1.67102
102 1.67116
102.1 1.67119
102.2 1.67117
102.3 1.67113
102.4 1.67114
102.5 1.67124
102.6 1.67141
102.7 1.67159
102.8 1.67178
102.9 1.67198
103 1.67219
103.1 1.67244
103.2 1.67275
103.3 1.67306
103.4 1.67334
103.5 1.67354
103.6 1.6736
103.7 1.67352
103.8 1.67335
103.9 1.67313
104 1.67291
104.1 1.67263
104.2 1.67225
104.3 1.67185
104.4 1.67152
104.5 1.67135
104.6 1.67139
104.7 1.67163
104.8 1.672
104.9 1.67246
105 1.67296
105.1 1.67355
105.2 1.67425
105.3 1.67497
105.4 1.67561
105.5 1.67608
105.6 1.67639
105.7 1.67663
105.8 1.6768
105.9 1.67692
106 1.67701
106.1 1.67703
106.2 1.67698
106.3 1.67692
106.4 1.67691
106.5 1.67701
106.6 1.67723
106.7 1.6775
106.8 1.67781
106.9 1.67815
107 1.67851
107.1 1.67891
107.2 1.67937
107.3 1.67984
107.4 1.68028
107.5 1.68064
107.6 1.68086
107.7 1.68095
107.8 1.68095
107.9 1.68089
108 1.68081
108.1 1.68064
108.2 1.68035
108.3 1.68003
108.4 1.67977
108.5 1.67967
108.6 1.67976
108.7 1.68
108.8 1.68036
108.9 1.68081
109 1.68132
109.1 1.68194
109.2 1.68272
109.3 1.68353
109.4 1.68427
109.5 1.68482
109.6 1.6852
109.7 1.68547
109.8 1.68565
109.9 1.68571
110 1.68567
110.1 1.68552
110.2 1.68529
110.3 1.68506
110.4 1.68485
110.5 1.68474
110.6 1.68469
110.7 1.68467
110.8 1.68466
110.9 1.68467
111 1.6847
111.1 1.68474
111.2 1.68481
111.3 1.68491
111.4 1.68505
111.5 1.68524
111.6 1.68553
111.7 1.6859
111.8 1.68635
111.9 1.68684
112 1.68734
112.1 1.68791
112.2 1.68859
112.3 1.68929
112.4 1.68995
112.5 1.69047
112.6 1.69082
112.7 1.69102
112.8 1.6911
112.9 1.69106
113 1.69094
113.1 1.69072
113.2 1.69042
113.3 1.69011
113.4 1.68983
113.5 1.68964
113.6 1.68953
113.7 1.68944
113.8 1.68937
113.9 1.68933
114 1.68932
114.1 1.68933
114.2 1.68936
114.3 1.68943
114.4 1.68954
114.5 1.6897
114.6 1.6899
114.7 1.69016
114.8 1.69046
114.9 1.69082
115 1.69123
115.1 1.69168
115.2 1.69214
115.3 1.69261
115.4 1.69309
115.5 1.6936
115.6 1.69413
115.7 1.69465
115.8 1.69518
115.9 1.69572
116 1.69626
116.1 1.69682
116.2 1.69739
116.3 1.69797
116.4 1.69854
116.5 1.69909
116.6 1.69962
116.7 1.70014
116.8 1.70065
116.9 1.70115
117 1.70165
117.1 1.70213
117.2 1.7026
117.3 1.70307
117.4 1.70354
117.5 1.70404
117.6 1.70456
117.7 1.70509
117.8 1.70564
117.9 1.70618
118 1.70673
118.1 1.7073
118.2 1.7079
118.3 1.7085
118.4 1.70908
118.5 1.70959
118.6 1.70994
118.7 1.71009
118.8 1.71011
118.9 1.71009
119 1.71009
119.1 1.71015
119.2 1.71021
119.3 1.71023
119.4 1.71015
119.5 1.70992
119.6 1.70949
119.7 1.70889
119.8 1.70818
119.9 1.70743
120 1.70671
120.1 1.70592
120.2 1.70501
120.3 1.7041
120.4 1.7033
120.5 1.70273
120.6 1.70262
120.7 1.70299
120.8 1.70367
120.9 1.7045
121 1.70532
121.1 1.7062
121.2 1.70724
121.3 1.70828
121.4 1.70918
121.5 1.70976
121.6 1.71006
121.7 1.71024
121.8 1.71032
121.9 1.71032
122 1.71027
122.1 1.71022
122.2 1.71016
122.3 1.71009
122.4 1.70998
122.5 1.70981
122.6 1.70959
122.7 1.70937
122.8 1.70914
122.9 1.7089
123 1.70866
123.1 1.70839
123.2 1.70808
123.3 1.70778
123.4 1.70752
123.5 1.70734
123.6 1.70728
123.7 1.70731
123.8 1.70741
123.9 1.70752
124 1.70763
124.1 1.7077
124.2 1.70776
124.3 1.70783
124.4 1.70795
124.5 1.70813
124.6 1.70839
124.7 1.70868
124.8 1.709
124.9 1.70932
125 1.70964
125.1 1.70998
125.2 1.71036
125.3 1.71072
125.4 1.71105
125.5 1.71129
125.6 1.71139
125.7 1.71132
125.8 1.71116
125.9 1.71097
126 1.71081
126.1 1.71064
126.2 1.71041
126.3 1.7102
126.4 1.71005
126.5 1.71005
126.6 1.71019
126.7 1.71044
126.8 1.71076
126.9 1.7111
127 1.71144
127.1 1.71176
127.2 1.71208
127.3 1.71241
127.4 1.71274
127.5 1.71308
