0 1.36377
0.05 1.36463
0.1 1.36543
0.15 1.36612
0.2 1.36666
0.25 1.36699
0.3 1.36706
0.35 1.36682
0.4 1.36623
0.45 1.36523
0.5 1.36377
0.55 1.36207
0.6 1.36035
0.65 1.35863
0.7 1.3569
0.75 1.35516
0.8 1.35342
0.85 1.35167
0.9 1.34992
0.95 1.34816
1 1.3464
1.05 1.34461
1.1 1.34277
1.15 1.34091
1.2 1.33904
1.25 1.33717
1.3 1.33534
1.35 1.33356
1.4 1.33184
1.45 1.3302
1.5 1.32867
1.55 1.32726
1.6 1.32597
1.65 1.32477
1.7 1.32364
1.75 1.32257
1.8 1.32154
1.85 1.32052
1.9 1.3195
1.95 1.31845
2 1.31735
2.05 1.31612
2.1 1.31473
2.15 1.31324
2.2 1.31174
2.25 1.31029
2.3 1.30897
2.35 1.30786
2.4 1.30701
2.45 1.30652
2.5 1.30645
2.55 1.307
2.6 1.30825
2.65 1.31008
2.7 1.31237
2.75 1.31499
2.8 1.31783
2.85 1.32076
2.9 1.32365
2.95 1.32639
3 1.32885
3.05 1.3313
3.1 1.334
3.15 1.33684
3.2 1.33972
3.25 1.34254
3.3 1.34518
3.35 1.34755
3.4 1.34954
3.45 1.35104
3.5 1.35194
3.55 1.35252
3.6 1.35309
3.65 1.35366
3.7 1.35423
3.75 1.35481
3.8 1.35538
3.85 1.35595
3.9 1.35653
3.95 1.3571
4 1.35767
4.05 1.35825
4.1 1.35882
4.15 1.35939
4.2 1.35997
4.25 1.36054
4.3 1.36111
4.35 1.36169
4.4 1.36226
4.45 1.36283
4.5 1.3634
4.55 1.36389
4.6 1.36422
4.65 1.36443
4.7 1.36453
4.75 1.36456
4.8 1.36454
4.85 1.36451
4.9 1.36448
4.95 1.36448
5 1.36455
5.05 1.36464
5.1 1.3647
5.15 1.36474
5.2 1.36478
5.25 1.36482
5.3 1.36488
5.35 1.36498
5.4 1.36512
5.45 1.36533
5.5 1.36561
5.55 1.36597
5.6 1.36639
5.65 1.36687
5.7 1.36739
5.75 1.36794
5.8 1.36851
5.85 1.36908
5.9 1.36966
5.95 1.37022
6 1.37076
6.05 1.37129
6.1 1.37184
6.15 1.37241
6.2 1.37297
6.25 1.37354
6.3 1.37409
6.35 1.37462
6.4 1.37512
6.45 1.37557
6.5 1.37598
6.55 1.37631
6.6 1.37653
6.65 1.37666
6.7 1.37672
6.75 1.37673
6.8 1.37671
6.85 1.37667
6.9 1.37665
6.95 1.37664
7 1.37668
7.05 1.37672
7.1 1.37672
7.15 1.3767
7.2 1.37667
7.25 1.37665
7.3 1.37665
7.35 1.37669
7.4 1.37678
7.45 1.37694
7.5 1.37718
7.55 1.37764
7.6 1.37841
7.65 1.37944
7.7 1.38068
7.75 1.38206
7.8 1.38354
7.85 1.38507
7.9 1.38658
7.95 1.38803
8 1.38936
8.05 1.39068
8.1 1.3921
8.15 1.39358
8.2 1.39509
8.25 1.39658
8.3 1.398
8.35 1.39933
8.4 1.40051
8.45 1.40151
8.5 1.40229
8.55 1.4028
8.6 1.40305
8.65 1.40309
8.7 1.40296
8.75 1.40269
8.8 1.40235
8.85 1.40196
8.9 1.40158
8.95 1.40124
9 1.40098
9.05 1.40075
9.1 1.40045
9.15 1.40013
9.2 1.39978
9.25 1.39945
9.3 1.39916
9.35 1.39892
9.4 1.39875
9.45 1.3987
9.5 1.39876
9.55 1.39894
9.6 1.39917
9.65 1.39946
9.7 1.39978
9.75 1.40014
9.8 1.40052
9.85 1.40091
9.9 1.4013
9.95 1.40169
10 1.40205
10.05 1.40238
10.1 1.40269
10.15 1.40298
10.2 1.40328
10.25 1.40359
10.3 1.40392
10.35 1.4043
10.4 1.40473
10.45 1.40523
10.5 1.40582
10.55 1.40651
10.6 1.40733
10.65 1.40824
10.7 1.40923
10.75 1.41028
10.8 1.41137
10.85 1.41247
10.9 1.41358
10.95 1.41466
11 1.4157
11.05 1.41675
11.1 1.41788
11.15 1.41906
11.2 1.42025
11.25 1.42144
11.3 1.42259
11.35 1.42367
11.4 1.42466
11.45 1.42554
11.5 1.42626
11.55 1.42674
11.6 1.42694
11.65 1.42691
11.7 1.42668
11.75 1.42631
11.8 1.42583
11.85 1.42531
11.9 1.42478
11.95 1.4243
12 1.42389
12.05 1.42351
12.1 1.42307
12.15 1.42259
12.2 1.4221
12.25 1.42161
12.3 1.42115
12.35 1.42075
12.4 1.42042
12.45 1.4202
12.5 1.42009
12.55 1.42008
12.6 1.42011
12.65 1.42017
12.7 1.42025
12.75 1.42036
12.8 1.42049
12.85 1.42062
12.9 1.42076
12.95 1.42089
13 1.42102
13.05 1.42112
13.1 1.42121
13.15 1.42129
13.2 1.42138
13.25 1.42147
13.3 1.42159
13.35 1.42174
13.4 1.42193
13.45 1.42217
13.5 1.42247
13.55 1.42285
13.6 1.42332
13.65 1.42386
13.7 1.42446
13.75 1.4251
13.8 1.42577
13.85 1.42646
13.9 1.42715
13.95 1.42783
14 1.42848
14.05 1.42915
14.1 1.42986
14.15 1.43061
14.2 1.43137
14.25 1.43213
14.3 1.43286
14.35 1.43356
14.4 1.4342
14.45 1.43477
14.5 1.43524
14.55 1.43561
14.6 1.43589
14.65 1.43608
14.7 1.4362
14.75 1.43627
14.8 1.4363
14.85 1.43631
14.9 1.43631
14.95 1.43631
15 1.43633
15.05 1.43638
15.1 1.43644
15.15 1.43651
15.2 1.43657
15.25 1.43662
15.3 1.43666
15.35 1.43667
15.4 1.43666
15.45 1.4366
15.5 1.4365
15.55 1.43637
15.6 1.43623
15.65 1.43607
15.7 1.4359
15.75 1.43572
15.8 1.43554
15.85 1.43536
15.9 1.43518
15.95 1.43499
16 1.43482
16.05 1.43463
16.1 1.43441
16.15 1.43418
16.2 1.43394
16.25 1.43371
16.3 1.43348
16.35 1.43327
16.4 1.43308
16.45 1.43293
16.5 1.43283
16.55 1.43288
16.6 1.43318
16.65 1.43369
16.7 1.43436
16.75 1.43516
16.8 1.43605
16.85 1.43699
16.9 1.43795
16.95 1.43888
17 1.43975
17.05 1.44061
17.1 1.44153
17.15 1.4425
17.2 1.44348
17.25 1.44446
17.3 1.44542
17.35 1.44634
17.4 1.44719
17.45 1.44796
17.5 1.44862
17.55 1.4492
17.6 1.44974
17.65 1.45024
17.7 1.45072
17.75 1.45117
17.8 1.45161
17.85 1.45203
17.9 1.45244
17.95 1.45285
18 1.45326
18.05 1.45369
18.1 1.45413
18.15 1.45458
18.2 1.45501
18.25 1.45544
18.3 1.45583
18.35 1.4562
18.4 1.45652
18.45 1.45678
18.5 1.45698
18.55 1.45712
18.6 1.45719
18.65 1.45722
18.7 1.4572
18.75 1.45715
18.8 1.45707
18.85 1.45699
18.9 1.45689
18.95 1.4568
19 1.45673
19.05 1.45663
19.1 1.4565
19.15 1.45633
19.2 1.45615
19.25 1.45598
19.3 1.45581
19.35 1.45568
19.4 1.45559
19.45 1.45556
19.5 1.4556
19.55 1.45572
19.6 1.45591
19.65 1.45616
19.7 1.45646
19.75 1.4568
19.8 1.45718
19.85 1.45757
19.9 1.45797
19.95 1.45837
20 1.45875
20.05 1.45915
20.1 1.4596
20.15 1.46008
20.2 1.46057
20.25 1.46106
20.3 1.46153
20.35 1.46198
20.4 1.46237
20.45 1.46271
20.5 1.46298
20.55 1.46317
20.6 1.46333
20.65 1.46345
20.7 1.46354
20.75 1.4636
20.8 1.46365
20.85 1.46368
20.9 1.4637
20.95 1.46372
21 1.46374
21.05 1.46375
21.1 1.46373
21.15 1.4637
21.2 1.46367
21.25 1.46363
21.3 1.4636
21.35 1.46359
21.4 1.46361
21.45 1.46365
21.5 1.46374
21.55 1.46385
21.6 1.46398
21.65 1.46412
21.7 1.46427
21.75 1.46443
21.8 1.4646
21.85 1.46477
21.9 1.46495
21.95 1.46512
22 1.4653
22.05 1.46546
22.1 1.46563
22.15 1.46579
22.2 1.46595
22.25 1.46612
22.3 1.4663
22.35 1.4665
22.4 1.46671
22.45 1.46694
22.5 1.4672
22.55 1.46748
22.6 1.46779
22.65 1.46813
22.7 1.46848
22.75 1.46885
22.8 1.46922
22.85 1.4696
22.9 1.46998
22.95 1.47036
23 1.47073
23.05 1.4711
23.1 1.47151
23.15 1.47193
23.2 1.47236
23.25 1.47279
23.3 1.47321
23.35 1.47361
23.4 1.47399
23.45 1.47432
23.5 1.47461
23.55 1.47481
23.6 1.47487
23.65 1.47483
23.7 1.47471
23.75 1.47452
23.8 1.47428
23.85 1.47402
23.9 1.47375
23.95 1.4735
24 1.47329
24.05 1.47307
24.1 1.47279
24.15 1.47248
24.2 1.47215
24.25 1.47182
24.3 1.47151
24.35 1.47124
24.4 1.47102
24.45 1.47087
24.5 1.47082
24.55 1.47087
24.6 1.471
24.65 1.4712
24.7 1.47146
24.75 1.47178
24.8 1.47213
24.85 1.4725
24.9 1.4729
24.95 1.47329
25 1.47367
25.05 1.47407
25.1 1.47451
25.15 1.47497
25.2 1.47545
25.25 1.47593
25.3 1.47639
25.35 1.47683
25.4 1.47723
25.45 1.47757
25.5 1.47786
25.55 1.47809
25.6 1.4783
25.65 1.4785
25.7 1.47867
25.75 1.47883
25.8 1.47898
25.85 1.47912
25.9 1.47925
25.95 1.47938
26 1.4795
26.05 1.47963
26.1 1.47976
26.15 1.4799
26.2 1.48003
26.25 1.48015
26.3 1.48026
26.35 1.48036
26.4 1.48044
26.45 1.48049
26.5 1.48052
26.55 1.48052
26.6 1.48051
26.65 1.48048
26.7 1.48044
26.75 1.48039
26.8 1.48034
26.85 1.48029
26.9 1.48023
26.95 1.48017
27 1.48012
27.05 1.48005
27.1 1.47997
27.15 1.47987
27.2 1.47977
27.25 1.47966
27.3 1.47956
27.35 1.47947
27.4 1.47941
27.45 1.47937
27.5 1.47937
27.55 1.47942
27.6 1.47954
27.65 1.47972
27.7 1.47995
27.75 1.48022
27.8 1.48052
27.85 1.48084
27.9 1.48116
27.95 1.48149
28 1.4818
28.05 1.4821
28.1 1.4824
28.15 1.4827
28.2 1.483
28.25 1.48331
28.3 1.48363
28.35 1.48397
28.4 1.48433
28.45 1.48472
28.5 1.48514
28.55 1.48559
28.6 1.48605
28.65 1.48652
28.7 1.487
28.75 1.48749
28.8 1.48799
28.85 1.48849
28.9 1.48899
28.95 1.4895
29 1.48999
29.05 1.49051
29.1 1.49105
29.15 1.4916
29.2 1.49217
29.25 1.49274
29.3 1.49329
29.35 1.49384
29.4 1.49435
29.45 1.49484
29.5 1.49528
29.55 1.49564
29.6 1.49591
29.65 1.49609
29.7 1.49621
29.75 1.49627
29.8 1.49629
29.85 1.49628
29.9 1.49626
29.95 1.49624
30 1.49624
30.05 1.49623
30.1 1.49619
30.15 1.49614
30.2 1.49607
30.25 1.49601
30.3 1.49595
30.35 1.49591
30.4 1.4959
30.45 1.49592
30.5 1.49599
30.55 1.49608
30.6 1.49619
30.65 1.49631
30.7 1.49644
30.75 1.49658
30.8 1.49672
30.85 1.49687
30.9 1.49703
30.95 1.49719
31 1.49735
31.05 1.49752
31.1 1.49771
31.15 1.49791
31.2 1.49811
31.25 1.49832
31.3 1.49852
31.35 1.49871
31.4 1.49888
31.45 1.49904
31.5 1.49916
31.55 1.49927
31.6 1.49937
31.65 1.49945
31.7 1.49952
31.75 1.49958
31.8 1.49964
31.85 1.49969
31.9 1.49974
31.95 1.49978
32 1.49983
32.05 1.49987
32.1 1.4999
32.15 1.49992
32.2 1.49994
32.25 1.49996
32.3 1.49999
32.35 1.50002
32.4 1.50005
32.45 1.5001
32.5 1.50017
32.55 1.50024
32.6 1.50032
32.65 1.5004
32.7 1.50048
32.75 1.50057
32.8 1.50066
32.85 1.50075
32.9 1.50085
32.95 1.50094
33 1.50103
33.05 1.50112
33.1 1.50121
33.15 1.5013
33.2 1.50139
33.25 1.50148
33.3 1.50158
33.35 1.50168
33.4 1.50179
33.45 1.50191
33.5 1.50204
33.55 1.50219
33.6 1.50236
33.65 1.50254
33.7 1.50274
33.75 1.50295
33.8 1.50317
33.85 1.5034
33.9 1.50362
33.95 1.50384
34 1.50406
34.05 1.50429
34.1 1.50452
34.15 1.50476
34.2 1.50501
34.25 1.50526
34.3 1.5055
34.35 1.50573
34.4 1.50596
34.45 1.50617
34.5 1.50636
34.55 1.50654
34.6 1.5067
34.65 1.50684
34.7 1.50697
34.75 1.5071
34.8 1.50721
34.85 1.50732
34.9 1.50742
34.95 1.50752
35 1.50762
35.05 1.50772
35.1 1.50781
35.15 1.5079
35.2 1.50799
35.25 1.50807
35.3 1.50816
35.35 1.50825
35.4 1.50835
35.45 1.50845
35.5 1.50855
35.55 1.50866
35.6 1.50877
35.65 1.50888
35.7 1.50899
35.75 1.50911
35.8 1.50922
35.85 1.50933
35.9 1.50945
35.95 1.50956
36 1.50967
36.05 1.50979
36.1 1.50991
36.15 1.51003
36.2 1.51015
36.25 1.51028
36.3 1.5104
36.35 1.51052
36.4 1.51063
36.45 1.51075
36.5 1.51086
36.55 1.51096
36.6 1.51105
36.65 1.51114
36.7 1.51122
36.75 1.5113
36.8 1.51138
36.85 1.51145
36.9 1.51153
36.95 1.5116
37 1.51168
37.05 1.51176
37.1 1.51183
37.15 1.51189
37.2 1.51195
37.25 1.51202
37.3 1.51208
37.35 1.51215
37.4 1.51222
37.45 1.5123
37.5 1.51239
37.55 1.5125
37.6 1.51263
37.65 1.51277
37.7 1.51293
37.75 1.5131
37.8 1.51328
37.85 1.51347
37.9 1.51366
37.95 1.51385
38 1.51403
38.05 1.51422
38.1 1.51442
38.15 1.51463
38.2 1.51484
38.25 1.51505
38.3 1.51525
38.35 1.51546
38.4 1.51565
38.45 1.51583
38.5 1.516
38.55 1.51615
38.6 1.51629
38.65 1.51643
38.7 1.51656
38.75 1.51668
38.8 1.5168
38.85 1.51691
38.9 1.51702
38.95 1.51712
39 1.51722
39.05 1.51731
39.1 1.51741
39.15 1.5175
39.2 1.51758
39.25 1.51767
39.3 1.51776
39.35 1.51785
39.4 1.51795
39.45 1.51804
39.5 1.51815
39.55 1.51825
39.6 1.51836
39.65 1.51847
39.7 1.51858
39.75 1.51869
39.8 1.51881
39.85 1.51892
39.9 1.51903
39.95 1.51914
40 1.51925
40.05 1.51936
40.1 1.51947
40.15 1.51958
40.2 1.5197
40.25 1.51981
40.3 1.51993
40.35 1.52005
40.4 1.52017
40.45 1.52029
40.5 1.52042
40.55 1.52057
40.6 1.52075
40.65 1.52096
40.7 1.5212
40.75 1.52145
40.8 1.52172
40.85 1.52199
40.9 1.52226
40.95 1.52254
41 1.5228
41.05 1.52308
41.1 1.52337
41.15 1.52368
41.2 1.52399
41.25 1.52431
41.3 1.52462
41.35 1.52492
41.4 1.52521
41.45 1.52547
41.5 1.52571
41.55 1.52592
41.6 1.52611
41.65 1.52628
41.7 1.52643
41.75 1.52657
41.8 1.5267
41.85 1.52682
41.9 1.52692
41.95 1.52701
42 1.5271
42.05 1.52718
42.1 1.52726
42.15 1.52734
42.2 1.52742
42.25 1.5275
42.3 1.52758
42.35 1.52766
42.4 1.52774
42.45 1.52782
42.5 1.5279
42.55 1.52798
42.6 1.52807
42.65 1.52815
42.7 1.52823
42.75 1.52831
42.8 1.5284
42.85 1.52848
42.9 1.52856
42.95 1.52864
43 1.52873
43.05 1.52881
43.1 1.52889
43.15 1.52898
43.2 1.52906
43.25 1.52914
43.3 1.52923
43.35 1.52931
43.4 1.52939
43.45 1.52948
43.5 1.52956
43.55 1.52966
43.6 1.52976
43.65 1.52987
43.7 1.53
43.75 1.53012
43.8 1.53026
43.85 1.53039
43.9 1.53053
43.95 1.53066
44 1.53079
44.05 1.53092
44.1 1.53106
44.15 1.53121
44.2 1.53136
44.25 1.53151
44.3 1.53165
44.35 1.5318
44.4 1.53194
44.45 1.53207
44.5 1.53219
44.55 1.53229
44.6 1.53238
44.65 1.53246
44.7 1.53253
44.75 1.53259
44.8 1.53264
44.85 1.53269
44.9 1.53274
44.95 1.53279
45 1.53284
45.05 1.53289
45.1 1.53292
45.15 1.53294
45.2 1.53296
45.25 1.53298
45.3 1.533
45.35 1.53303
45.4 1.53306
45.45 1.53311
45.5 1.53318
45.55 1.53327
45.6 1.53338
45.65 1.5335
45.7 1.53364
45.75 1.53378
45.8 1.53394
45.85 1.5341
45.9 1.53426
45.95 1.53442
46 1.53459
46.05 1.53475
46.1 1.53491
46.15 1.53507
46.2 1.53524
46.25 1.53541
46.3 1.53558
46.35 1.53577
46.4 1.53597
46.45 1.53618
46.5 1.5364
46.55 1.53664
46.6 1.5369
46.65 1.53716
46.7 1.53744
46.75 1.53773
46.8 1.53802
46.85 1.53832
46.9 1.53862
46.95 1.53892
47 1.53922
47.05 1.53954
47.1 1.53986
47.15 1.54019
47.2 1.54053
47.25 1.54086
47.3 1.5412
47.35 1.54153
47.4 1.54184
47.45 1.54215
47.5 1.54244
47.55 1.54271
47.6 1.54297
47.65 1.54323
47.7 1.54347
47.75 1.54372
47.8 1.54395
47.85 1.54419
47.9 1.54442
47.95 1.54464
48 1.54487
48.05 1.54509
48.1 1.5453
48.15 1.54551
48.2 1.54571
48.25 1.54592
48.3 1.54612
48.35 1.54633
48.4 1.54654
48.45 1.54677
48.5 1.547
48.55 1.54725
48.6 1.54751
48.65 1.54777
48.7 1.54805
48.75 1.54832
48.8 1.5486
48.85 1.54889
48.9 1.54917
48.95 1.54946
49 1.54974
49.05 1.55003
49.1 1.55033
49.15 1.55064
49.2 1.55096
49.25 1.55128
49.3 1.55159
49.35 1.55191
49.4 1.55221
49.45 1.55251
49.5 1.55279
49.55 1.55305
49.6 1.55328
49.65 1.55349
49.7 1.55369
49.75 1.55386
49.8 1.55401
49.85 1.55414
49.9 1.55426
49.95 1.55437
50 1.55446
50.05 1.55454
50.1 1.55462
50.15 1.5547
50.2 1.55478
50.25 1.55485
50.3 1.55492
50.35 1.55498
50.4 1.55504
50.45 1.55509
50.5 1.55513
50.55 1.55518
50.6 1.55522
50.65 1.55526
50.7 1.5553
50.75 1.55535
50.8 1.55538
50.85 1.55542
50.9 1.55545
50.95 1.55549
51 1.55552
51.05 1.55554
51.1 1.55557
51.15 1.55559
51.2 1.55561
51.25 1.55563
51.3 1.55565
51.35 1.55566
51.4 1.55567
51.45 1.55568
51.5 1.55568
51.55 1.55568
51.6 1.55568
51.65 1.55567
51.7 1.55566
51.75 1.55565
51.8 1.55563
51.85 1.55562
51.9 1.5556
51.95 1.55558
52 1.55557
52.05 1.55555
52.1 1.55552
52.15 1.55548
52.2 1.55544
52.25 1.55539
52.3 1.55535
52.35 1.55531
52.4 1.55527
52.45 1.55525
52.5 1.55523
52.55 1.55523
52.6 1.55527
52.65 1.55533
52.7 1.55541
52.75 1.55552
52.8 1.55566
52.85 1.55581
52.9 1.55598
52.95 1.55617
53 1.55637
53.05 1.55658
53.1 1.5568
53.15 1.55701
53.2 1.55724
53.25 1.55746
53.3 1.55769
53.35 1.55793
53.4 1.55817
53.45 1.55842
53.5 1.55867
53.55 1.55893
53.6 1.55918
53.65 1.55944
53.7 1.5597
53.75 1.55996
53.8 1.56022
53.85 1.56049
53.9 1.56075
53.95 1.56101
54 1.56128
54.05 1.56155
54.1 1.56183
54.15 1.56212
54.2 1.56242
54.25 1.56272
54.3 1.56302
54.35 1.56332
54.4 1.5636
54.45 1.56388
54.5 1.56415
54.55 1.56439
54.6 1.56459
54.65 1.56475
54.7 1.56487
54.75 1.56496
54.8 1.56503
54.85 1.56507
54.9 1.5651
54.95 1.56511
55 1.56511
55.05 1.56509
55.1 1.56503
55.15 1.56495
55.2 1.56486
55.25 1.56476
55.3 1.56466
55.35 1.56457
55.4 1.56449
55.45 1.56445
55.5 1.56443
55.55 1.56444
55.6 1.56446
55.65 1.56448
55.7 1.56452
55.75 1.56456
55.8 1.56462
55.85 1.56468
55.9 1.56476
55.95 1.56485
56 1.56496
56.05 1.56508
56.1 1.5652
56.15 1.56533
56.2 1.56547
56.25 1.56562
56.3 1.56578
56.35 1.56595
56.4 1.56612
56.45 1.56631
56.5 1.56651
56.55 1.56671
56.6 1.56691
56.65 1.56713
56.7 1.56734
56.75 1.56757
56.8 1.5678
56.85 1.56805
56.9 1.5683
56.95 1.56857
57 1.56886
57.05 1.56915
57.1 1.56946
57.15 1.56977
57.2 1.57009
57.25 1.57041
57.3 1.57073
57.35 1.57104
57.4 1.57135
57.45 1.57166
57.5 1.57195
57.55 1.57224
57.6 1.57253
57.65 1.57282
57.7 1.5731
57.75 1.57338
57.8 1.57367
57.85 1.57395
57.9 1.57423
57.95 1.57451
58 1.57479
58.05 1.57507
58.1 1.57534
58.15 1.57561
58.2 1.57588
58.25 1.57614
58.3 1.57639
58.35 1.57664
58.4 1.57689
58.45 1.57713
58.5 1.57737
58.55 1.57758
58.6 1.57775
58.65 1.57789
58.7 1.57799
58.75 1.57807
58.8 1.57812
58.85 1.57814
58.9 1.57815
58.95 1.57814
59 1.57813
59.05 1.57808
59.1 1.578
59.15 1.57788
59.2 1.57775
59.25 1.5776
59.3 1.57745
59.35 1.57732
59.4 1.5772
59.45 1.57712
59.5 1.57707
59.55 1.57706
59.6 1.57706
59.65 1.57707
59.7 1.5771
59.75 1.57715
59.8 1.57721
59.85 1.57728
59.9 1.57738
59.95 1.57749
60 1.57762
60.05 1.57778
60.1 1.57798
60.15 1.5782
60.2 1.57845
60.25 1.5787
60.3 1.57895
60.35 1.57919
60.4 1.57942
60.45 1.57961
60.5 1.57978
60.55 1.57991
60.6 1.58004
60.65 1.58016
60.7 1.58026
60.75 1.58035
60.8 1.58043
60.85 1.58048
60.9 1.58052
60.95 1.58053
61 1.58051
61.05 1.58048
61.1 1.58042
61.15 1.58035
61.2 1.58026
61.25 1.58018
61.3 1.58009
61.35 1.58001
61.4 1.57994
61.45 1.57988
61.5 1.57984
61.55 1.57981
61.6 1.57978
61.65 1.57976
61.7 1.57974
61.75 1.57972
61.8 1.5797
61.85 1.5797
61.9 1.5797
61.95 1.57971
62 1.57973
62.05 1.57976
62.1 1.57979
62.15 1.57983
62.2 1.57987
62.25 1.57991
62.3 1.57996
62.35 1.58001
62.4 1.58007
62.45 1.58013
62.5 1.58019
62.55 1.58026
62.6 1.58033
62.65 1.5804
62.7 1.58047
62.75 1.58055
62.8 1.58062
62.85 1.5807
62.9 1.58078
62.95 1.58086
63 1.58094
63.05 1.58102
63.1 1.58111
63.15 1.5812
63.2 1.5813
63.25 1.5814
63.3 1.58151
63.35 1.58162
63.4 1.58174
63.45 1.58187
63.5 1.58199
63.55 1.58214
63.6 1.58233
63.65 1.58255
63.7 1.58281
63.75 1.58308
63.8 1.58338
63.85 1.58369
63.9 1.58401
63.95 1.58434
64 1.58467
64.05 1.58503
64.1 1.58545
64.15 1.5859
64.2 1.58639
64.25 1.58688
64.3 1.58738
64.35 1.58786
64.4 1.58832
64.45 1.58874
64.5 1.58911
64.55 1.58943
64.6 1.58972
64.65 1.58996
64.7 1.59018
64.75 1.59035
64.8 1.59049
64.85 1.5906
64.9 1.59067
64.95 1.59071
65 1.59071
65.05 1.59066
65.1 1.59055
65.15 1.59039
65.2 1.5902
65.25 1.59
65.3 1.58979
65.35 1.5896
65.4 1.58943
65.45 1.58931
65.5 1.58925
65.55 1.58923
65.6 1.58922
65.65 1.58923
65.7 1.58926
65.75 1.58931
65.8 1.58938
65.85 1.58948
65.9 1.58961
65.95 1.58976
66 1.58995
66.05 1.59019
66.1 1.59048
66.15 1.59081
66.2 1.59118
66.25 1.59155
66.3 1.59193
66.35 1.5923
66.4 1.59264
66.45 1.59295
66.5 1.59319
66.55 1.59341
66.6 1.59362
66.65 1.59382
66.7 1.594
66.75 1.59416
66.8 1.59429
66.85 1.59439
66.9 1.59446
66.95 1.59448
67 1.59445
67.05 1.59439
67.1 1.59431
67.15 1.59422
67.2 1.59412
67.25 1.59401
67.3 1.59391
67.35 1.59381
67.4 1.59371
67.45 1.59363
67.5 1.59357
67.55 1.59351
67.6 1.59346
67.65 1.59341
67.7 1.59336
67.75 1.59331
67.8 1.59327
67.85 1.59323
67.9 1.59318
67.95 1.59314
68 1.59311
68.05 1.59307
68.1 1.59305
68.15 1.59303
68.2 1.59302
68.25 1.59302
68.3 1.59302
68.35 1.59303
68.4 1.59305
68.45 1.59307
68.5 1.59311
68.55 1.59315
68.6 1.59323
68.65 1.59333
68.7 1.59346
68.75 1.59361
68.8 1.59379
68.85 1.59399
68.9 1.59422
68.95 1.59446
69 1.59473
69.05 1.59502
69.1 1.59534
69.15 1.59569
69.2 1.59605
69.25 1.59641
69.3 1.59678
69.35 1.59714
69.4 1.59748
69.45 1.59781
69.5 1.59811
69.55 1.59839
69.6 1.59867
69.65 1.59895
69.7 1.59922
69.75 1.59948
69.8 1.59973
69.85 1.59998
69.9 1.60021
69.95 1.60042
70 1.60062
70.05 1.6008
70.1 1.60098
70.15 1.60115
70.2 1.60131
70.25 1.60147
70.3 1.60162
70.35 1.60177
70.4 1.60191
70.45 1.60205
70.5 1.60218
70.55 1.60231
70.6 1.60243
70.65 1.60256
70.7 1.60268
70.75 1.6028
70.8 1.60292
70.85 1.60303
70.9 1.60313
70.95 1.60323
71 1.60332
71.05 1.6034
71.1 1.60347
71.15 1.60353
71.2 1.6036
71.25 1.60366
71.3 1.60372
71.35 1.60378
71.4 1.60384
71.45 1.60391
71.5 1.60399
71.55 1.60408
71.6 1.60416
71.65 1.60425
71.7 1.60433
71.75 1.60442
71.8 1.60452
71.85 1.60461
71.9 1.60471
71.95 1.60482
72 1.60493
72.05 1.60505
72.1 1.60516
72.15 1.60528
72.2 1.6054
72.25 1.60553
72.3 1.60565
72.35 1.60577
72.4 1.6059
72.45 1.60603
72.5 1.60616
72.55 1.60629
72.6 1.60642
72.65 1.60655
72.7 1.60668
72.75 1.60681
72.8 1.60695
72.85 1.60708
72.9 1.60722
72.95 1.60735
73 1.60748
73.05 1.60762
73.1 1.60776
73.15 1.6079
73.2 1.60804
73.25 1.60818
73.3 1.60833
73.35 1.60847
73.4 1.60862
73.45 1.60877
73.5 1.60892
73.55 1.60908
73.6 1.60924
73.65 1.60941
73.7 1.6096
73.75 1.60978
73.8 1.60998
73.85 1.61018
73.9 1.61038
73.95 1.61059
74 1.6108
74.05 1.61102
74.1 1.61126
74.15 1.61149
74.2 1.61174
74.25 1.61198
74.3 1.61223
74.35 1.61247
74.4 1.61271
74.45 1.61295
74.5 1.61317
74.55 1.61339
74.6 1.6136
74.65 1.61381
74.7 1.61402
74.75 1.61422
74.8 1.61443
74.85 1.61462
74.9 1.61482
74.95 1.61501
75 1.61519
75.05 1.61537
75.1 1.61555
75.15 1.61572
75.2 1.61589
75.25 1.61605
75.3 1.61622
75.35 1.61638
75.4 1.61653
75.45 1.61669
75.5 1.61684
75.55 1.61699
75.6 1.61713
75.65 1.61727
75.7 1.61741
75.75 1.61754
75.8 1.61767
75.85 1.61781
75.9 1.61794
75.95 1.61807
76 1.6182
76.05 1.61833
76.1 1.61846
76.15 1.61858
76.2 1.61869
76.25 1.6188
76.3 1.6189
76.35 1.619
76.4 1.61909
76.45 1.61918
76.5 1.61926
76.55 1.6193
76.6 1.61929
76.65 1.61922
76.7 1.6191
76.75 1.61893
76.8 1.61873
76.85 1.6185
76.9 1.61825
76.95 1.61798
77 1.6177
77.05 1.61737
77.1 1.61698
77.15 1.61652
77.2 1.61603
77.25 1.61553
77.3 1.61502
77.35 1.61452
77.4 1.61406
77.45 1.61365
77.5 1.61331
77.55 1.61301
77.6 1.61273
77.65 1.61247
77.7 1.61224
77.75 1.61206
77.8 1.61193
77.85 1.61186
77.9 1.61187
77.95 1.61195
78 1.61213
78.05 1.61236
78.1 1.61261
78.15 1.61287
78.2 1.61314
78.25 1.61342
78.3 1.61369
78.35 1.61396
78.4 1.61423
78.45 1.61448
78.5 1.61472
78.55 1.61495
78.6 1.61518
78.65 1.61541
78.7 1.61564
78.75 1.61587
78.8 1.6161
78.85 1.61633
78.9 1.61655
78.95 1.61678
79 1.617
79.05 1.61721
79.1 1.61741
79.15 1.61759
79.2 1.61777
79.25 1.61795
79.3 1.61812
79.35 1.61829
79.4 1.61848
79.45 1.61867
79.5 1.61888
79.55 1.61911
79.6 1.61939
79.65 1.61969
79.7 1.62002
79.75 1.62037
79.8 1.62074
79.85 1.62112
79.9 1.62151
79.95 1.6219
80 1.62229
80.05 1.62272
80.1 1.62321
80.15 1.62376
80.2 1.62434
80.25 1.62493
80.3 1.62552
80.35 1.62609
80.4 1.62662
80.45 1.6271
80.5 1.6275
80.55 1.62782
80.6 1.62807
80.65 1.62824
80.7 1.62835
80.75 1.62841
80.8 1.62842
80.85 1.62839
80.9 1.62832
80.95 1.62824
81 1.62814
81.05 1.62798
81.1 1.62772
81.15 1.62741
81.2 1.62705
81.25 1.62667
81.3 1.62631
81.35 1.62598
81.4 1.62571
81.45 1.62553
81.5 1.62545
81.55 1.62547
81.6 1.62553
81.65 1.62564
81.7 1.62578
81.75 1.62595
81.8 1.62615
81.85 1.62636
81.9 1.62659
81.95 1.62682
82 1.62706
82.05 1.62736
82.1 1.62778
82.15 1.62828
82.2 1.62882
82.25 1.62936
82.3 1.62988
82.35 1.63032
82.4 1.63066
82.45 1.63085
82.5 1.63087
82.55 1.63071
82.6 1.63042
82.65 1.63003
82.7 1.62955
82.75 1.629
82.8 1.62839
82.85 1.62775
82.9 1.6271
82.95 1.62644
83 1.6258
83.05 1.62513
83.1 1.62439
83.15 1.62359
83.2 1.62277
83.25 1.62194
83.3 1.62115
83.35 1.62041
83.4 1.61976
83.45 1.61921
83.5 1.61879
83.55 1.61848
83.6 1.61825
83.65 1.61807
83.7 1.61795
83.75 1.61787
83.8 1.61783
83.85 1.6178
83.9 1.6178
83.95 1.6178
84 1.6178
84.05 1.61779
84.1 1.61777
84.15 1.61775
84.2 1.61773
84.25 1.61772
84.3 1.61773
84.35 1.61777
84.4 1.61785
84.45 1.61797
84.5 1.61814
84.55 1.61835
84.6 1.61857
84.65 1.61881
84.7 1.61906
84.75 1.61932
84.8 1.61959
84.85 1.61987
84.9 1.62016
84.95 1.62046
85 1.62077
85.05 1.62107
85.1 1.62138
85.15 1.62168
85.2 1.62199
85.25 1.62229
85.3 1.6226
85.35 1.62292
85.4 1.62324
85.45 1.62356
85.5 1.62389
85.55 1.62423
85.6 1.62456
85.65 1.6249
85.7 1.62524
85.75 1.62558
85.8 1.62591
85.85 1.62625
85.9 1.62659
85.95 1.62693
86 1.62727
86.05 1.62761
86.1 1.62795
86.15 1.6283
86.2 1.62865
86.25 1.629
86.3 1.62935
86.35 1.62969
86.4 1.63003
86.45 1.63037
86.5 1.6307
86.55 1.631
86.6 1.63126
86.65 1.6315
86.7 1.6317
86.75 1.63188
86.8 1.63205
86.85 1.63221
86.9 1.63237
86.95 1.63253
87 1.6327
87.05 1.63288
87.1 1.63306
87.15 1.63325
87.2 1.63343
87.25 1.6336
87.3 1.63378
87.35 1.63394
87.4 1.63409
87.45 1.63423
87.5 1.63435
87.55 1.63446
87.6 1.63456
87.65 1.63466
87.7 1.63474
87.75 1.63483
87.8 1.63491
87.85 1.63499
87.9 1.63506
87.95 1.63514
88 1.63522
88.05 1.63529
88.1 1.63536
88.15 1.63541
88.2 1.63546
88.25 1.63551
88.3 1.63557
88.35 1.63563
88.4 1.6357
88.45 1.63579
88.5 1.6359
88.55 1.63602
88.6 1.63618
88.65 1.63635
88.7 1.63653
88.75 1.63673
88.8 1.63694
88.85 1.63716
88.9 1.63738
88.95 1.63759
89 1.63781
89.05 1.63802
89.1 1.63825
89.15 1.63849
89.2 1.63873
89.25 1.63897
89.3 1.6392
89.35 1.63943
89.4 1.63965
89.45 1.63985
89.5 1.64003
89.55 1.64019
89.6 1.64034
89.65 1.64049
89.7 1.64063
89.75 1.64076
89.8 1.64089
89.85 1.64102
89.9 1.64115
89.95 1.64128
90 1.64141
90.05 1.64153
90.1 1.64163
90.15 1.64171
90.2 1.64178
90.25 1.64186
90.3 1.64194
90.35 1.64206
90.4 1.6422
90.45 1.64238
90.5 1.64261
90.55 1.64296
90.6 1.64347
90.65 1.64411
90.7 1.64486
90.75 1.64568
90.8 1.64654
90.85 1.64741
90.9 1.64828
90.95 1.64909
91 1.64984
91.05 1.65058
91.1 1.65139
91.15 1.65223
91.2 1.65307
91.25 1.65388
91.3 1.65464
91.35 1.65531
91.4 1.65585
91.45 1.65625
91.5 1.65646
91.55 1.65649
91.6 1.65634
91.65 1.65607
91.7 1.65569
91.75 1.65523
91.8 1.65473
91.85 1.65422
91.9 1.65373
91.95 1.65328
92 1.65291
92.05 1.65256
92.1 1.65217
92.15 1.65175
92.2 1.65132
92.25 1.65091
92.3 1.65054
92.35 1.65023
92.4 1.65001
92.45 1.64988
92.5 1.64989
92.55 1.64998
92.6 1.6501
92.65 1.65025
92.7 1.65042
92.75 1.6506
92.8 1.6508
92.85 1.65099
92.9 1.65119
92.95 1.65137
93 1.65153
93.05 1.65169
93.1 1.65185
93.15 1.65202
93.2 1.65219
93.25 1.65235
93.3 1.65251
93.35 1.65266
93.4 1.6528
93.45 1.65293
93.5 1.65305
93.55 1.65314
93.6 1.65322
93.65 1.65327
93.7 1.6533
93.75 1.65333
93.8 1.65334
93.85 1.65335
93.9 1.65336
93.95 1.65338
94 1.6534
94.05 1.65342
94.1 1.65345
94.15 1.65348
94.2 1.6535
94.25 1.65352
94.3 1.65354
94.35 1.65355
94.4 1.65355
94.45 1.65355
94.5 1.65353
94.55 1.65348
94.6 1.6534
94.65 1.6533
94.7 1.65317
94.75 1.65303
94.8 1.65288
94.85 1.65273
94.9 1.65259
94.95 1.65246
95 1.65234
95.05 1.65224
95.1 1.65215
95.15 1.65206
95.2 1.65198
95.25 1.65191
95.3 1.65184
95.35 1.65178
95.4 1.65173
95.45 1.6517
95.5 1.65167
95.55 1.65168
95.6 1.65176
95.65 1.6519
95.7 1.6521
95.75 1.65235
95.8 1.65264
95.85 1.65297
95.9 1.65332
95.95 1.6537
96 1.65409
