0 1.35338
0.05 1.35338
0.1 1.35338
0.15 1.35338
0.2 1.35338
0.25 1.35338
0.3 1.35338
0.35 1.35338
0.4 1.35338
0.45 1.35338
0.5 1.35338
0.55 1.35338
0.6 1.35338
0.65 1.35338
0.7 1.35338
0.75 1.35338
0.8 1.35338
0.85 1.35338
0.9 1.35338
0.95 1.35338
1 1.35338
1.05 1.35338
1.1 1.35338
1.15 1.35338
1.2 1.35338
1.25 1.35338
1.3 1.35338
1.35 1.35338
1.4 1.35338
1.45 1.35338
1.5 1.35338
1.55 1.35338
1.6 1.35338
1.65 1.35338
1.7 1.35338
1.75 1.35338
1.8 1.35338
1.85 1.35338
1.9 1.35338
1.95 1.35338
2 1.35338
2.05 1.35338
2.1 1.35338
2.15 1.35338
2.2 1.35338
2.25 1.35338
2.3 1.35338
2.35 1.35338
2.4 1.35338
2.45 1.35338
2.5 1.35338
2.55 1.35338
2.6 1.35338
2.65 1.35338
2.7 1.35338
2.75 1.35338
2.8 1.35338
2.85 1.35338
2.9 1.35338
2.95 1.35338
3 1.35338
3.05 1.35338
3.1 1.35338
3.15 1.35338
3.2 1.35338
3.25 1.35338
3.3 1.35338
3.35 1.35338
3.4 1.35338
3.45 1.35338
3.5 1.35338
3.55 1.35338
3.6 1.35338
3.65 1.35338
3.7 1.35338
3.75 1.35338
3.8 1.35338
3.85 1.35338
3.9 1.35338
3.95 1.35338
4 1.35338
4.05 1.35338
4.1 1.35338
4.15 1.35338
4.2 1.35338
4.25 1.35338
4.3 1.35338
4.35 1.35338
4.4 1.35338
4.45 1.35338
4.5 1.35338
4.55 1.35347
4.6 1.35371
4.65 1.35407
4.7 1.35454
4.75 1.35508
4.8 1.35566
4.85 1.35627
4.9 1.35686
4.95 1.35741
5 1.3579
5.05 1.35836
5.1 1.35883
5.15 1.35931
5.2 1.35978
5.25 1.36026
5.3 1.36072
5.35 1.36117
5.4 1.36159
5.45 1.36199
5.5 1.36235
5.55 1.36265
5.6 1.36286
5.65 1.363
5.7 1.36309
5.75 1.36313
5.8 1.36315
5.85 1.36316
5.9 1.36317
5.95 1.36321
6 1.36328
6.05 1.3633
6.1 1.3632
6.15 1.36303
6.2 1.36285
6.25 1.3627
6.3 1.36264
6.35 1.36273
6.4 1.36302
6.45 1.36356
6.5 1.3644
6.55 1.36541
6.6 1.36642
6.65 1.36743
6.7 1.36845
6.75 1.36946
6.8 1.37047
6.85 1.37148
6.9 1.3725
6.95 1.37351
7 1.37452
7.05 1.37553
7.1 1.37655
7.15 1.37756
7.2 1.37857
7.25 1.37958
7.3 1.38059
7.35 1.38161
7.4 1.38262
7.45 1.38363
7.5 1.38464
7.55 1.38554
7.6 1.38622
7.65 1.38672
7.7 1.38709
7.75 1.38735
7.8 1.38755
7.85 1.38773
7.9 1.38792
7.95 1.38816
8 1.38849
8.05 1.38889
8.1 1.38931
8.15 1.38975
8.2 1.3902
8.25 1.39063
8.3 1.39105
8.35 1.39144
8.4 1.39179
8.45 1.39209
8.5 1.39233
8.55 1.39254
8.6 1.39275
8.65 1.39295
8.7 1.39316
8.75 1.39337
8.8 1.39358
8.85 1.39378
8.9 1.39399
8.95 1.3942
9 1.3944
9.05 1.39461
9.1 1.39482
9.15 1.39502
9.2 1.39523
9.25 1.39544
9.3 1.39565
9.35 1.39585
9.4 1.39606
9.45 1.39627
9.5 1.39647
9.55 1.39636
9.6 1.39625
9.65 1.39613
9.7 1.39602
9.75 1.3959
9.8 1.39579
9.85 1.39568
9.9 1.39556
9.95 1.39545
10 1.39533
10.05 1.39522
10.1 1.39511
10.15 1.39499
10.2 1.39488
10.25 1.39476
10.3 1.39465
10.35 1.39453
10.4 1.39442
10.45 1.39431
10.5 1.39419
10.55 1.39516
10.6 1.39614
10.65 1.39711
10.7 1.39808
10.75 1.39905
10.8 1.40002
10.85 1.40099
10.9 1.40197
10.95 1.40294
11 1.40391
11.05 1.40488
11.1 1.40585
11.15 1.40683
11.2 1.4078
11.25 1.40877
11.3 1.40974
11.35 1.41071
11.4 1.41168
11.45 1.41266
11.5 1.41363
11.55 1.41449
11.6 1.41517
11.65 1.4157
11.7 1.4161
11.75 1.41642
11.8 1.41667
11.85 1.41691
11.9 1.41716
11.95 1.41744
12 1.41781
12.05 1.41822
12.1 1.41864
12.15 1.41906
12.2 1.41948
12.25 1.4199
12.3 1.42031
12.35 1.42073
12.4 1.42113
12.45 1.42154
12.5 1.42194
12.55 1.42231
12.6 1.42264
12.65 1.42295
12.7 1.42323
12.75 1.42349
12.8 1.42373
12.85 1.42397
12.9 1.42422
12.95 1.42446
13 1.42472
13.05 1.425
13.1 1.4253
13.15 1.4256
13.2 1.42591
13.25 1.4262
13.3 1.42647
13.35 1.42671
13.4 1.42692
13.45 1.42707
13.5 1.42716
13.55 1.4272
13.6 1.42719
13.65 1.42715
13.7 1.42707
13.75 1.42697
13.8 1.42686
13.85 1.42675
13.9 1.42665
13.95 1.42656
14 1.42649
14.05 1.42643
14.1 1.42635
14.15 1.42626
14.2 1.42618
14.25 1.4261
14.3 1.42604
14.35 1.42599
14.4 1.42598
14.45 1.426
14.5 1.42606
14.55 1.42617
14.6 1.4263
14.65 1.42647
14.7 1.42665
14.75 1.42685
14.8 1.42706
14.85 1.42727
14.9 1.42749
14.95 1.4277
15 1.4279
15.05 1.42809
15.1 1.42828
15.15 1.42846
15.2 1.42864
15.25 1.42883
15.3 1.42902
15.35 1.42922
15.4 1.42944
15.45 1.42967
15.5 1.42992
15.55 1.43019
15.6 1.4305
15.65 1.43082
15.7 1.43117
15.75 1.43152
15.8 1.43189
15.85 1.43225
15.9 1.43261
15.95 1.43296
16 1.4333
16.05 1.43363
16.1 1.43397
16.15 1.43432
16.2 1.43467
16.25 1.435
16.3 1.43533
16.35 1.43564
16.4 1.43593
16.45 1.43619
16.5 1.43642
16.55 1.43662
16.6 1.43678
16.65 1.43691
16.7 1.43703
16.75 1.43713
16.8 1.43722
16.85 1.43732
16.9 1.43742
16.95 1.43753
17 1.43765
17.05 1.43779
17.1 1.43793
17.15 1.43806
17.2 1.4382
17.25 1.43834
17.3 1.43848
17.35 1.43863
17.4 1.43878
17.45 1.43894
17.5 1.43912
17.55 1.43931
17.6 1.43951
17.65 1.43974
17.7 1.43997
17.75 1.44022
17.8 1.44047
17.85 1.44073
17.9 1.44099
17.95 1.44125
18 1.44151
18.05 1.44176
18.1 1.44202
18.15 1.44228
18.2 1.44255
18.25 1.44282
18.3 1.4431
18.35 1.44339
18.4 1.44369
18.45 1.444
18.5 1.44432
18.55 1.44467
18.6 1.44506
18.65 1.44548
18.7 1.44593
18.75 1.44638
18.8 1.44685
18.85 1.44731
18.9 1.44777
18.95 1.44821
19 1.44863
19.05 1.44904
19.1 1.44946
19.15 1.44988
19.2 1.45029
19.25 1.45068
19.3 1.45105
19.35 1.45138
19.4 1.45167
19.45 1.4519
19.5 1.45207
19.55 1.45218
19.6 1.45225
19.65 1.4523
19.7 1.45232
19.75 1.45233
19.8 1.45233
19.85 1.45233
19.9 1.45234
19.95 1.45236
20 1.45241
20.05 1.45247
20.1 1.45253
20.15 1.45259
20.2 1.45266
20.25 1.45272
20.3 1.45279
20.35 1.45287
20.4 1.45296
20.45 1.45306
20.5 1.45317
20.55 1.4533
20.6 1.45346
20.65 1.45363
20.7 1.45381
20.75 1.45401
20.8 1.45422
20.85 1.45444
20.9 1.45466
20.95 1.45489
21 1.45511
21.05 1.45534
21.1 1.45557
21.15 1.45581
21.2 1.45606
21.25 1.45632
21.3 1.45659
21.35 1.45686
21.4 1.45714
21.45 1.45743
21.5 1.45772
21.55 1.45805
21.6 1.45843
21.65 1.45884
21.7 1.45928
21.75 1.45974
21.8 1.4602
21.85 1.46066
21.9 1.4611
21.95 1.46152
22 1.46191
22.05 1.46226
22.1 1.4626
22.15 1.46292
22.2 1.4632
22.25 1.46346
22.3 1.46367
22.35 1.46385
22.4 1.46397
22.45 1.46405
22.5 1.46406
22.55 1.464
22.6 1.46385
22.65 1.46364
22.7 1.46339
22.75 1.46311
22.8 1.46281
22.85 1.46253
22.9 1.46227
22.95 1.46206
23 1.4619
23.05 1.46178
23.1 1.46165
23.15 1.46151
23.2 1.46139
23.25 1.46129
23.3 1.46122
23.35 1.4612
23.4 1.46123
23.45 1.46133
23.5 1.46151
23.55 1.46174
23.6 1.462
23.65 1.46227
23.7 1.46255
23.75 1.46285
23.8 1.46314
23.85 1.46343
23.9 1.46372
23.95 1.46399
24 1.46424
24.05 1.46448
24.1 1.46473
24.15 1.46498
24.2 1.46522
24.25 1.46547
24.3 1.46571
24.35 1.46594
24.4 1.46617
24.45 1.46639
24.5 1.46661
24.55 1.46681
24.6 1.46699
24.65 1.46717
24.7 1.46734
24.75 1.46751
24.8 1.46767
24.85 1.46784
24.9 1.46801
24.95 1.46819
25 1.46838
25.05 1.46858
25.1 1.46877
25.15 1.46897
25.2 1.46917
25.25 1.46937
25.3 1.46958
25.35 1.4698
25.4 1.47003
25.45 1.47027
25.5 1.47053
25.55 1.47079
25.6 1.47106
25.65 1.47134
25.7 1.47161
25.75 1.47189
25.8 1.47217
25.85 1.47245
25.9 1.47273
25.95 1.473
26 1.47327
26.05 1.47354
26.1 1.47381
26.15 1.47407
26.2 1.47434
26.25 1.47461
26.3 1.47488
26.35 1.47514
26.4 1.47541
26.45 1.47567
26.5 1.47594
26.55 1.4762
26.6 1.47646
26.65 1.47671
26.7 1.47696
26.75 1.47721
26.8 1.47746
26.85 1.47771
26.9 1.47796
26.95 1.47821
27 1.47847
27.05 1.47874
27.1 1.47902
27.15 1.4793
27.2 1.4796
27.25 1.47991
27.3 1.48022
27.35 1.48055
27.4 1.48089
27.45 1.48123
27.5 1.48159
27.55 1.48196
27.6 1.48235
27.65 1.48275
27.7 1.48317
27.75 1.48359
27.8 1.48402
27.85 1.48444
27.9 1.48485
27.95 1.48525
28 1.48564
28.05 1.48602
28.1 1.48639
28.15 1.48677
28.2 1.48714
28.25 1.4875
28.3 1.48786
28.35 1.4882
28.4 1.48853
28.45 1.48884
28.5 1.48913
28.55 1.48941
28.6 1.48968
28.65 1.48995
28.7 1.49022
28.75 1.49049
28.8 1.49075
28.85 1.49101
28.9 1.49127
28.95 1.49152
29 1.49178
29.05 1.49203
29.1 1.49228
29.15 1.49254
29.2 1.49279
29.25 1.49304
29.3 1.49329
29.35 1.49354
29.4 1.49379
29.45 1.49404
29.5 1.49429
29.55 1.49454
29.6 1.49479
29.65 1.49503
29.7 1.49527
29.75 1.4955
29.8 1.49573
29.85 1.49596
29.9 1.49619
29.95 1.49641
30 1.49664
30.05 1.49684
30.1 1.49701
30.15 1.49715
30.2 1.49727
30.25 1.49736
30.3 1.49742
30.35 1.49747
30.4 1.4975
30.45 1.49752
30.5 1.49753
30.55 1.4975
30.6 1.49742
30.65 1.49729
30.7 1.49713
30.75 1.49695
30.8 1.49677
30.85 1.4966
30.9 1.49644
30.95 1.49632
31 1.49625
31.05 1.49621
31.1 1.4962
31.15 1.49621
31.2 1.49625
31.25 1.49633
31.3 1.49644
31.35 1.49659
31.4 1.49678
31.45 1.49702
31.5 1.49729
31.55 1.49765
31.6 1.49809
31.65 1.49861
31.7 1.49918
31.75 1.49977
31.8 1.50038
31.85 1.50097
31.9 1.50154
31.95 1.50205
32 1.50249
32.05 1.50289
32.1 1.50329
32.15 1.50368
32.2 1.50404
32.25 1.50437
32.3 1.50465
32.35 1.50488
32.4 1.50504
32.45 1.50512
32.5 1.50512
32.55 1.50504
32.6 1.5049
32.65 1.50471
32.7 1.50449
32.75 1.50425
32.8 1.504
32.85 1.50376
32.9 1.50354
32.95 1.50334
33 1.50319
33.05 1.50305
33.1 1.5029
33.15 1.50274
33.2 1.50259
33.25 1.50245
33.3 1.50235
33.35 1.50228
33.4 1.50226
33.45 1.50231
33.5 1.50242
33.55 1.5026
33.6 1.50281
33.65 1.50306
33.7 1.50333
33.75 1.50361
33.8 1.5039
33.85 1.50419
33.9 1.50446
33.95 1.50473
34 1.50497
34.05 1.50519
34.1 1.50543
34.15 1.50566
34.2 1.50589
34.25 1.50612
34.3 1.50634
34.35 1.50654
34.4 1.50672
34.45 1.50688
34.5 1.50702
34.55 1.50711
34.6 1.50717
34.65 1.50719
34.7 1.50718
34.75 1.50716
34.8 1.50713
34.85 1.5071
34.9 1.50708
34.95 1.50708
35 1.50711
35.05 1.50714
35.1 1.50717
35.15 1.5072
35.2 1.50723
35.25 1.50727
35.3 1.50733
35.35 1.50741
35.4 1.50752
35.45 1.50766
35.5 1.50785
35.55 1.50806
35.6 1.50828
35.65 1.50851
35.7 1.50875
35.75 1.509
35.8 1.50925
35.85 1.5095
35.9 1.50976
35.95 1.51001
36 1.51027
36.05 1.51052
36.1 1.51077
36.15 1.51103
36.2 1.51128
36.25 1.51154
36.3 1.5118
36.35 1.51206
36.4 1.51232
36.45 1.51259
36.5 1.51286
36.55 1.51314
36.6 1.51344
36.65 1.51376
36.7 1.51408
36.75 1.51441
36.8 1.51475
36.85 1.51508
36.9 1.51542
36.95 1.51574
37 1.51606
37.05 1.51638
37.1 1.51671
37.15 1.51705
37.2 1.51739
37.25 1.5177
37.3 1.51799
37.35 1.51825
37.4 1.51846
37.45 1.51861
37.5 1.5187
37.55 1.51873
37.6 1.51874
37.65 1.51872
37.7 1.51868
37.75 1.51863
37.8 1.51858
37.85 1.51852
37.9 1.51847
37.95 1.51843
38 1.5184
38.05 1.51839
38.1 1.51837
38.15 1.51835
38.2 1.51834
38.25 1.51832
38.3 1.51831
38.35 1.5183
38.4 1.5183
38.45 1.5183
38.5 1.51831
38.55 1.51834
38.6 1.5184
38.65 1.51848
38.7 1.51857
38.75 1.51868
38.8 1.5188
38.85 1.51893
38.9 1.51906
38.95 1.51919
39 1.51932
39.05 1.51943
39.1 1.51954
39.15 1.51966
39.2 1.51978
39.25 1.51991
39.3 1.52007
39.35 1.52025
39.4 1.52047
39.45 1.52073
39.5 1.52105
39.55 1.5214
39.6 1.5218
39.65 1.52222
39.7 1.52266
39.75 1.52311
39.8 1.52358
39.85 1.52404
39.9 1.52449
39.95 1.52494
40 1.52535
40.05 1.52576
40.1 1.52617
40.15 1.52659
40.2 1.527
40.25 1.5274
40.3 1.5278
40.35 1.52818
40.4 1.52856
40.45 1.52891
40.5 1.52925
40.55 1.52956
40.6 1.52984
40.65 1.53009
40.7 1.53032
40.75 1.53053
40.8 1.53073
40.85 1.53092
40.9 1.53111
40.95 1.53129
41 1.53149
41.05 1.5317
41.1 1.53192
41.15 1.53215
41.2 1.53237
41.25 1.53257
41.3 1.53276
41.35 1.53291
41.4 1.53301
41.45 1.53307
41.5 1.53306
41.55 1.53301
41.6 1.53293
41.65 1.53282
41.7 1.53271
41.75 1.53258
41.8 1.53245
41.85 1.53232
41.9 1.53219
41.95 1.53207
42 1.53197
42.05 1.53188
42.1 1.53178
42.15 1.53168
42.2 1.53158
42.25 1.53148
42.3 1.53138
42.35 1.5313
42.4 1.53122
42.45 1.53116
42.5 1.53111
42.55 1.53108
42.6 1.53105
42.65 1.53103
42.7 1.531
42.75 1.53098
42.8 1.53097
42.85 1.53095
42.9 1.53094
42.95 1.53092
43 1.53091
43.05 1.53089
43.1 1.53088
43.15 1.53086
43.2 1.53085
43.25 1.53083
43.3 1.53082
43.35 1.53081
43.4 1.5308
43.45 1.53079
43.5 1.53078
43.55 1.53077
43.6 1.53078
43.65 1.53079
43.7 1.5308
43.75 1.53082
43.8 1.53085
43.85 1.53087
43.9 1.5309
43.95 1.53092
44 1.53094
44.05 1.53096
44.1 1.53097
44.15 1.53097
44.2 1.53098
44.25 1.531
44.3 1.53104
44.35 1.5311
44.4 1.53119
44.45 1.53131
44.5 1.53148
44.55 1.53168
44.6 1.53191
44.65 1.53215
44.7 1.53241
44.75 1.53267
44.8 1.53294
44.85 1.53321
44.9 1.53347
44.95 1.53373
45 1.53397
45.05 1.53421
45.1 1.53445
45.15 1.53468
45.2 1.53492
45.25 1.53516
45.3 1.53539
45.35 1.53562
45.4 1.53585
45.45 1.53608
45.5 1.5363
45.55 1.53652
45.6 1.53672
45.65 1.53692
45.7 1.53711
45.75 1.5373
45.8 1.53748
45.85 1.53766
45.9 1.53783
45.95 1.53801
46 1.53818
46.05 1.53835
46.1 1.53852
46.15 1.53869
46.2 1.53884
46.25 1.539
46.3 1.53914
46.35 1.53928
46.4 1.5394
46.45 1.53952
46.5 1.53963
46.55 1.53971
46.6 1.53977
46.65 1.53981
46.7 1.53983
46.75 1.53985
46.8 1.53986
46.85 1.53987
46.9 1.53989
46.95 1.53992
47 1.53997
47.05 1.54003
47.1 1.54009
47.15 1.54016
47.2 1.54023
47.25 1.54032
47.3 1.54042
47.35 1.54053
47.4 1.54066
47.45 1.54081
47.5 1.54097
47.55 1.54117
47.6 1.54141
47.65 1.54168
47.7 1.54196
47.75 1.54226
47.8 1.54257
47.85 1.54288
47.9 1.54317
47.95 1.54345
48 1.54371
48.05 1.54395
48.1 1.54419
48.15 1.54443
48.2 1.54467
48.25 1.54489
48.3 1.54509
48.35 1.54527
48.4 1.54543
48.45 1.54556
48.5 1.54565
48.55 1.5457
48.6 1.5457
48.65 1.54566
48.7 1.54558
48.75 1.54549
48.8 1.54539
48.85 1.54529
48.9 1.5452
48.95 1.54514
49 1.5451
49.05 1.54508
49.1 1.54506
49.15 1.54503
49.2 1.545
49.25 1.54499
49.3 1.54501
49.35 1.54505
49.4 1.54513
49.45 1.54526
49.5 1.54544
49.55 1.54567
49.6 1.54594
49.65 1.54624
49.7 1.54657
49.75 1.54691
49.8 1.54726
49.85 1.54761
49.9 1.54795
49.95 1.54827
50 1.54856
50.05 1.54885
50.1 1.54915
50.15 1.54945
50.2 1.54975
50.25 1.55004
50.3 1.55031
50.35 1.55057
50.4 1.5508
50.45 1.551
50.5 1.55116
50.55 1.55129
50.6 1.5514
50.65 1.5515
50.7 1.55159
50.75 1.55167
50.8 1.55174
50.85 1.55182
50.9 1.5519
50.95 1.55199
51 1.55209
51.05 1.5522
51.1 1.55231
51.15 1.55241
51.2 1.55252
51.25 1.55263
51.3 1.55274
51.35 1.55285
51.4 1.55297
51.45 1.5531
51.5 1.55323
51.55 1.55338
51.6 1.55354
51.65 1.55371
51.7 1.5539
51.75 1.55409
51.8 1.55429
51.85 1.55448
51.9 1.55467
51.95 1.55486
52 1.55503
52.05 1.5552
52.1 1.55536
52.15 1.55552
52.2 1.55568
52.25 1.55583
52.3 1.55596
52.35 1.55609
52.4 1.5562
52.45 1.5563
52.5 1.55638
52.55 1.55642
52.6 1.55643
52.65 1.55642
52.7 1.55638
52.75 1.55633
52.8 1.55627
52.85 1.55621
52.9 1.55616
52.95 1.55613
53 1.55612
53.05 1.55612
53.1 1.55612
53.15 1.55612
53.2 1.55612
53.25 1.55614
53.3 1.55617
53.35 1.55622
53.4 1.55628
53.45 1.55638
53.5 1.5565
53.55 1.55666
53.6 1.55685
53.65 1.55707
53.7 1.5573
53.75 1.55755
53.8 1.5578
53.85 1.55805
53.9 1.55829
53.95 1.55852
54 1.55872
54.05 1.55892
54.1 1.55912
54.15 1.55932
54.2 1.55951
54.25 1.5597
54.3 1.55988
54.35 1.56005
54.4 1.56019
54.45 1.56032
54.5 1.56042
54.55 1.5605
54.6 1.56057
54.65 1.56062
54.7 1.56066
54.75 1.56069
54.8 1.56072
54.85 1.56074
54.9 1.56075
54.95 1.56077
55 1.56078
55.05 1.56079
55.1 1.5608
55.15 1.56082
55.2 1.56083
55.25 1.56083
55.3 1.56084
55.35 1.56084
55.4 1.56084
55.45 1.56083
55.5 1.56081
55.55 1.56079
55.6 1.56075
55.65 1.56071
55.7 1.56065
55.75 1.5606
55.8 1.56054
55.85 1.56049
55.9 1.56044
55.95 1.56039
56 1.56036
56.05 1.56033
56.1 1.56031
56.15 1.5603
56.2 1.56029
56.25 1.56028
56.3 1.56028
56.35 1.56028
56.4 1.56029
56.45 1.56029
56.5 1.5603
56.55 1.56032
56.6 1.56035
56.65 1.5604
56.7 1.56045
56.75 1.56052
56.8 1.56059
56.85 1.56067
56.9 1.56076
56.95 1.56086
57 1.56096
57.05 1.56108
57.1 1.56121
57.15 1.56137
57.2 1.56154
57.25 1.56173
57.3 1.56194
57.35 1.56217
57.4 1.56242
57.45 1.56269
57.5 1.56297
57.55 1.56329
57.6 1.56364
57.65 1.56401
57.7 1.56441
57.75 1.56481
57.8 1.56522
57.85 1.56562
57.9 1.566
57.95 1.56637
58 1.5667
58.05 1.56702
58.1 1.56734
58.15 1.56765
58.2 1.56795
58.25 1.56824
58.3 1.56851
58.35 1.56876
58.4 1.56898
58.45 1.56916
58.5 1.56931
58.55 1.56942
58.6 1.56952
58.65 1.56961
58.7 1.5697
58.75 1.56978
58.8 1.56985
58.85 1.56993
58.9 1.57002
58.95 1.57012
59 1.57022
59.05 1.57034
59.1 1.57046
59.15 1.57057
59.2 1.57069
59.25 1.57081
59.3 1.57092
59.35 1.57104
59.4 1.57116
59.45 1.57129
59.5 1.57141
59.55 1.57153
59.6 1.57166
59.65 1.57179
59.7 1.57192
59.75 1.57205
59.8 1.57219
59.85 1.57233
59.9 1.57248
59.95 1.57264
60 1.5728
60.05 1.57298
60.1 1.57317
60.15 1.57338
60.2 1.5736
60.25 1.57383
60.3 1.57406
60.35 1.5743
60.4 1.57454
60.45 1.57477
60.5 1.57501
60.55 1.57525
60.6 1.57552
60.65 1.5758
60.7 1.57609
60.75 1.57638
60.8 1.57667
60.85 1.57694
60.9 1.57719
60.95 1.57741
61 1.5776
61.05 1.57775
61.1 1.57788
61.15 1.57798
61.2 1.57806
61.25 1.57812
61.3 1.57817
61.35 1.57822
61.4 1.57826
61.45 1.5783
61.5 1.57834
61.55 1.57838
61.6 1.57841
61.65 1.57842
61.7 1.57843
61.75 1.57844
61.8 1.57846
61.85 1.57849
61.9 1.57853
61.95 1.57859
62 1.57868
62.05 1.57879
62.1 1.57891
62.15 1.57904
62.2 1.57918
62.25 1.57932
62.3 1.57947
62.35 1.57963
62.4 1.57978
62.45 1.57994
62.5 1.58009
62.55 1.58025
62.6 1.58044
62.65 1.58064
62.7 1.58084
62.75 1.58104
62.8 1.58124
62.85 1.58141
62.9 1.58155
62.95 1.58167
63 1.58174
63.05 1.58178
63.1 1.58182
63.15 1.58186
63.2 1.58189
63.25 1.58192
63.3 1.58195
63.35 1.58198
63.4 1.58201
63.45 1.58204
63.5 1.58207
63.55 1.58211
63.6 1.58213
63.65 1.58216
63.7 1.58219
63.75 1.58222
63.8 1.58224
63.85 1.58228
63.9 1.58231
63.95 1.58235
64 1.58239
64.05 1.58247
64.1 1.58263
64.15 1.58284
64.2 1.58309
64.25 1.58338
64.3 1.58369
64.35 1.584
64.4 1.5843
64.45 1.58459
64.5 1.58483
64.55 1.58508
64.6 1.58534
64.65 1.58562
64.7 1.5859
64.75 1.58616
64.8 1.58641
64.85 1.58661
64.9 1.58677
64.95 1.58687
65 1.5869
65.05 1.58688
65.1 1.58686
65.15 1.58683
65.2 1.5868
65.25 1.58677
65.3 1.58673
65.35 1.5867
65.4 1.58666
65.45 1.58663
65.5 1.5866
65.55 1.58657
65.6 1.58654
65.65 1.58651
65.7 1.58648
65.75 1.58645
65.8 1.58642
65.85 1.5864
65.9 1.58637
65.95 1.58635
66 1.58633
66.05 1.58632
66.1 1.58631
66.15 1.5863
66.2 1.58629
66.25 1.58628
66.3 1.58628
66.35 1.58627
66.4 1.58627
66.45 1.58626
66.5 1.58625
66.55 1.58624
66.6 1.58623
66.65 1.58622
66.7 1.58621
66.75 1.5862
66.8 1.58619
66.85 1.58618
66.9 1.58617
66.95 1.58616
67 1.58615
67.05 1.58613
67.1 1.58611
67.15 1.58609
67.2 1.58606
67.25 1.58603
67.3 1.586
67.35 1.58597
67.4 1.58595
67.45 1.58592
67.5 1.58589
67.55 1.58587
67.6 1.58584
67.65 1.58581
67.7 1.58579
67.75 1.58577
67.8 1.58575
67.85 1.58575
67.9 1.58576
67.95 1.58579
68 1.58584
68.05 1.58591
68.1 1.58601
68.15 1.58613
68.2 1.58626
68.25 1.58642
68.3 1.58658
68.35 1.58674
68.4 1.58691
68.45 1.58707
68.5 1.58723
68.55 1.58738
68.6 1.58752
68.65 1.58766
68.7 1.5878
68.75 1.58795
68.8 1.58811
68.85 1.58828
68.9 1.58846
68.95 1.58867
69 1.58889
69.05 1.58916
69.1 1.58947
69.15 1.58981
69.2 1.59019
69.25 1.59058
69.3 1.59098
69.35 1.59138
69.4 1.59178
69.45 1.59217
69.5 1.59253
69.55 1.59289
69.6 1.59329
69.65 1.5937
69.7 1.59411
69.75 1.5945
69.8 1.59487
69.85 1.59518
69.9 1.59544
69.95 1.59562
70 1.5957
70.05 1.59573
70.1 1.59574
70.15 1.59574
70.2 1.59572
70.25 1.5957
70.3 1.59566
70.35 1.59563
70.4 1.5956
70.45 1.59556
70.5 1.59554
70.55 1.59551
70.6 1.5955
70.65 1.59548
70.7 1.59546
70.75 1.59545
70.8 1.59542
70.85 1.5954
70.9 1.59537
70.95 1.59533
71 1.59528
71.05 1.59522
71.1 1.59515
71.15 1.59506
71.2 1.59497
71.25 1.59487
71.3 1.59477
71.35 1.59467
71.4 1.59458
71.45 1.59448
71.5 1.59439
71.55 1.59431
71.6 1.59422
71.65 1.59414
71.7 1.59406
71.75 1.59398
71.8 1.5939
71.85 1.59382
71.9 1.59375
71.95 1.59368
72 1.59361
72.05 1.59356
72.1 1.59353
72.15 1.59351
72.2 1.59351
72.25 1.59352
72.3 1.59354
72.35 1.59356
72.4 1.59358
72.45 1.5936
72.5 1.59361
72.55 1.59361
72.6 1.5936
72.65 1.59359
72.7 1.59358
72.75 1.59359
72.8 1.59361
72.85 1.59367
72.9 1.59376
72.95 1.5939
73 1.59408
73.05 1.59434
73.1 1.59465
73.15 1.59502
73.2 1.59543
73.25 1.59586
73.3 1.59631
73.35 1.59676
73.4 1.5972
73.45 1.59762
73.5 1.59801
73.55 1.5984
73.6 1.59881
73.65 1.59924
73.7 1.59967
73.75 1.60009
73.8 1.60048
73.85 1.60082
73.9 1.60111
73.95 1.60132
74 1.60145
74.05 1.60152
74.1 1.60158
74.15 1.60163
74.2 1.60168
74.25 1.60172
74.3 1.60175
74.35 1.60179
74.4 1.60183
74.45 1.60187
74.5 1.60192
74.55 1.60197
74.6 1.60202
74.65 1.60207
74.7 1.60212
74.75 1.60217
74.8 1.60222
74.85 1.60228
74.9 1.60233
74.95 1.60238
75 1.60244
75.05 1.6025
75.1 1.60257
75.15 1.60265
75.2 1.60274
75.25 1.60283
75.3 1.60292
75.35 1.60302
75.4 1.60312
75.45 1.60322
75.5 1.60332
75.55 1.60342
75.6 1.60352
75.65 1.60364
75.7 1.60376
75.75 1.60389
75.8 1.60403
75.85 1.60419
75.9 1.60436
75.95 1.60455
76 1.60476
76.05 1.605
76.1 1.60529
76.15 1.60562
76.2 1.60598
76.25 1.60635
76.3 1.60674
76.35 1.60712
76.4 1.6075
76.45 1.60785
76.5 1.60817
76.55 1.60848
76.6 1.6088
76.65 1.60911
76.7 1.60942
76.75 1.60971
76.8 1.60998
76.85 1.61021
76.9 1.6104
76.95 1.61054
77 1.61062
77.05 1.61064
77.1 1.61062
77.15 1.61057
77.2 1.61049
77.25 1.6104
77.3 1.6103
77.35 1.6102
77.4 1.61011
77.45 1.61003
77.5 1.60999
77.55 1.60995
77.6 1.6099
77.65 1.60984
77.7 1.60978
77.75 1.60974
77.8 1.60971
77.85 1.6097
77.9 1.60973
77.95 1.60979
78 1.60991
78.05 1.61006
78.1 1.61022
78.15 1.61039
78.2 1.61057
78.25 1.61076
78.3 1.61096
78.35 1.61116
78.4 1.61136
78.45 1.61157
78.5 1.61177
78.55 1.61197
78.6 1.61216
78.65 1.61236
78.7 1.61257
78.75 1.61277
78.8 1.61297
78.85 1.61317
78.9 1.61338
78.95 1.61359
79 1.6138
79.05 1.61402
79.1 1.61426
79.15 1.61452
79.2 1.61479
79.25 1.61507
79.3 1.61535
79.35 1.61563
79.4 1.61591
79.45 1.61617
79.5 1.61642
79.55 1.61667
79.6 1.6169
79.65 1.61711
79.7 1.6173
79.75 1.61747
79.8 1.6176
79.85 1.61769
79.9 1.61775
79.95 1.61775
80 1.6177
80.05 1.61758
80.1 1.61739
80.15 1.61714
80.2 1.61686
80.25 1.61654
80.3 1.61622
80.35 1.6159
80.4 1.6156
80.45 1.61533
80.5 1.61511
80.55 1.61491
80.6 1.6147
80.65 1.61449
80.7 1.61428
80.75 1.61409
80.8 1.61392
80.85 1.61379
80.9 1.6137
80.95 1.61367
81 1.61371
81.05 1.61379
81.1 1.61388
81.15 1.614
81.2 1.61412
81.25 1.61426
81.3 1.61441
81.35 1.61457
81.4 1.61473
81.45 1.61489
81.5 1.61506
81.55 1.61522
81.6 1.61537
81.65 1.61553
81.7 1.61568
81.75 1.61584
81.8 1.616
81.85 1.61618
81.9 1.61636
81.95 1.61657
82 1.61679
82.05 1.61702
82.1 1.61727
82.15 1.61753
82.2 1.6178
82.25 1.61807
82.3 1.61834
82.35 1.61861
82.4 1.61888
82.45 1.61914
82.5 1.61939
82.55 1.61964
82.6 1.61988
82.65 1.62012
82.7 1.62037
82.75 1.62061
82.8 1.62085
82.85 1.62109
82.9 1.62132
82.95 1.62156
83 1.62179
83.05 1.62202
83.1 1.62224
83.15 1.62245
83.2 1.62266
83.25 1.62285
83.3 1.62305
83.35 1.62323
83.4 1.62342
83.45 1.6236
83.5 1.62378
83.55 1.62395
83.6 1.6241
83.65 1.62423
83.7 1.62434
83.75 1.62444
83.8 1.62453
83.85 1.6246
83.9 1.62466
83.95 1.6247
84 1.62474
84.05 1.62475
84.1 1.6247
84.15 1.62462
84.2 1.62451
84.25 1.62438
84.3 1.62425
84.35 1.62413
84.4 1.62402
84.45 1.62394
84.5 1.6239
84.55 1.62389
84.6 1.6239
84.65 1.62393
84.7 1.62398
84.75 1.62406
84.8 1.62417
84.85 1.62431
84.9 1.62449
84.95 1.62471
85 1.62497
85.05 1.62529
85.1 1.62569
85.15 1.62613
85.2 1.62662
85.25 1.62713
85.3 1.62765
85.35 1.62815
85.4 1.62863
85.45 1.62907
85.5 1.62945
85.55 1.6298
85.6 1.63013
85.65 1.63044
85.7 1.63074
85.75 1.63103
85.8 1.63129
85.85 1.63153
85.9 1.63175
85.95 1.63195
86 1.63211
86.05 1.63222
86.1 1.63226
86.15 1.63224
86.2 1.63219
86.25 1.63212
86.3 1.63204
86.35 1.63198
86.4 1.63194
86.45 1.63195
86.5 1.63202
86.55 1.63215
86.6 1.6323
86.65 1.63248
86.7 1.63269
86.75 1.63293
86.8 1.63319
86.85 1.63347
86.9 1.63377
86.95 1.6341
87 1.63444
87.05 1.63485
87.1 1.63537
87.15 1.63596
87.2 1.63661
87.25 1.63728
87.3 1.63794
87.35 1.63858
87.4 1.63916
87.45 1.63966
87.5 1.64004
87.55 1.64034
87.6 1.64058
87.65 1.64078
87.7 1.64093
87.75 1.64103
87.8 1.64108
87.85 1.6411
87.9 1.64107
87.95 1.641
88 1.6409
88.05 1.64074
88.1 1.64053
88.15 1.64027
88.2 1.63998
88.25 1.63968
88.3 1.63938
88.35 1.63911
88.4 1.63888
88.45 1.6387
88.5 1.6386
88.55 1.63854
88.6 1.6385
88.65 1.63847
88.7 1.63845
88.75 1.63846
88.8 1.63848
88.85 1.63853
88.9 1.6386
88.95 1.63869
89 1.63881
89.05 1.63896
89.1 1.63913
89.15 1.63932
89.2 1.63952
89.25 1.63972
89.3 1.63992
89.35 1.64011
89.4 1.64029
89.45 1.64044
89.5 1.64057
89.55 1.64068
89.6 1.64078
89.65 1.64087
89.7 1.64096
89.75 1.64105
89.8 1.64113
89.85 1.64121
89.9 1.64128
89.95 1.64135
90 1.64142
90.05 1.64148
90.1 1.64151
90.15 1.64152
90.2 1.64152
90.25 1.64152
90.3 1.64153
90.35 1.64154
90.4 1.64156
90.45 1.6416
90.5 1.64168
90.55 1.64178
90.6 1.64193
90.65 1.64211
90.7 1.64232
90.75 1.64256
90.8 1.64281
90.85 1.64307
90.9 1.64334
90.95 1.64361
91 1.64388
91.05 1.64417
91.1 1.64451
91.15 1.64489
91.2 1.64528
91.25 1.64569
91.3 1.64609
91.35 1.64647
91.4 1.64682
91.45 1.64713
91.5 1.64739
91.55 1.64758
91.6 1.6477
91.65 1.64776
91.7 1.64778
91.75 1.64775
91.8 1.64768
91.85 1.64757
91.9 1.64745
91.95 1.6473
92 1.64714
92.05 1.64694
92.1 1.64668
92.15 1.64638
92.2 1.64604
92.25 1.6457
92.3 1.64536
92.35 1.64504
92.4 1.64477
92.45 1.64454
92.5 1.6444
92.55 1.64431
92.6 1.64424
92.65 1.64421
92.7 1.6442
92.75 1.64422
92.8 1.64427
92.85 1.64434
92.9 1.64445
92.95 1.64458
93 1.64474
93.05 1.64494
93.1 1.64517
93.15 1.64543
93.2 1.64571
93.25 1.64599
93.3 1.64627
93.35 1.64653
93.4 1.64677
93.45 1.64698
93.5 1.64715
93.55 1.64729
93.6 1.64743
93.65 1.64755
93.7 1.64767
93.75 1.64777
93.8 1.64787
93.85 1.64796
93.9 1.64804
93.95 1.64811
94 1.64817
94.05 1.6482
94.1 1.64822
94.15 1.64821
94.2 1.6482
94.25 1.64818
94.3 1.64816
94.35 1.64815
94.4 1.64816
94.45 1.64819
94.5 1.64825
94.55 1.64834
94.6 1.64844
94.65 1.64855
94.7 1.64868
94.75 1.64883
94.8 1.64898
94.85 1.64914
94.9 1.6493
94.95 1.64948
95 1.64965
95.05 1.64985
95.1 1.65007
95.15 1.65031
95.2 1.65057
95.25 1.65083
95.3 1.65108
95.35 1.65133
95.4 1.65156
95.45 1.65176
95.5 1.65193
95.55 1.65207
95.6 1.65217
95.65 1.65224
95.7 1.65229
95.75 1.65233
95.8 1.65235
95.85 1.65235
95.9 1.65236
95.95 1.65236
96 1.65237
